# %ECSV 1.0
# ---
# datatype:
# - {name: time, datatype: float64}
# - {name: wfc3_uvis1_f200lp, datatype: float64}
# - {name: wfc3_uvis1_f300x, datatype: float64}
# - {name: wfc3_uvis1_f350lp, datatype: float64}
# - {name: wfc3_uvis1_f475x, datatype: float64}
# - {name: wfc3_uvis1_f600lp, datatype: float64}
# - {name: wfc3_uvis1_f850lp, datatype: float64}
# - {name: wfc3_uvis1_f218w, datatype: float64}
# - {name: wfc3_uvis1_f225w, datatype: float64}
# - {name: wfc3_uvis1_f275w, datatype: float64}
# - {name: wfc3_uvis1_f336w, datatype: float64}
# - {name: wfc3_uvis1_f390w, datatype: float64}
# - {name: wfc3_uvis1_f438w, datatype: float64}
# - {name: wfc3_uvis1_f475w, datatype: float64}
# - {name: wfc3_uvis1_f555w, datatype: float64}
# - {name: wfc3_uvis1_f606w, datatype: float64}
# - {name: wfc3_uvis1_f625w, datatype: float64}
# - {name: wfc3_uvis1_f775w, datatype: float64}
# - {name: wfc3_uvis1_f814w, datatype: float64}
# - {name: wfc3_ir_f105w, datatype: float64}
# - {name: wfc3_ir_f110w, datatype: float64}
# - {name: wfc3_ir_f125w, datatype: float64}
# - {name: wfc3_ir_f140w, datatype: float64}
# - {name: wfc3_ir_f160w, datatype: float64}
# - {name: jwst_nircam_f070w, datatype: float64}
# - {name: jwst_nircam_f090w, datatype: float64}
# - {name: jwst_nircam_f115w, datatype: float64}
# - {name: jwst_nircam_f150w, datatype: float64}
# - {name: jwst_nircam_f150w2, datatype: float64}
# - {name: jwst_nircam_f200w, datatype: float64}
# - {name: jwst_nircam_f277w, datatype: float64}
# - {name: jwst_nircam_f322w2, datatype: float64}
# - {name: jwst_nircam_f356w, datatype: float64}
# - {name: jwst_nircam_f444w, datatype: float64}
# - {name: jwst_miri_f0560w, datatype: float64}
# - {name: jwst_miri_f0770w, datatype: float64}
# - {name: jwst_miri_f1000w, datatype: float64}
# meta: !!omap
# - comment: [type = Kasen_double, name = gw170817, model1 = knova_d1_n10_m0.035_vk0.15_Xlan1e-2.0.h5, model2 = knova_d1_n50_m0.025_vk0.25_fd0.3_Xlan1e-6.0_vs0.32_ns12.0.h5]
# schema: astropy-2.0
time wfc3_uvis1_f200lp wfc3_uvis1_f300x wfc3_uvis1_f350lp wfc3_uvis1_f475x wfc3_uvis1_f600lp wfc3_uvis1_f850lp wfc3_uvis1_f218w wfc3_uvis1_f225w wfc3_uvis1_f275w wfc3_uvis1_f336w wfc3_uvis1_f390w wfc3_uvis1_f438w wfc3_uvis1_f475w wfc3_uvis1_f555w wfc3_uvis1_f606w wfc3_uvis1_f625w wfc3_uvis1_f775w wfc3_uvis1_f814w wfc3_ir_f105w wfc3_ir_f110w wfc3_ir_f125w wfc3_ir_f140w wfc3_ir_f160w jwst_nircam_f070w jwst_nircam_f090w jwst_nircam_f115w jwst_nircam_f150w jwst_nircam_f150w2 jwst_nircam_f200w jwst_nircam_f277w jwst_nircam_f322w2 jwst_nircam_f356w jwst_nircam_f444w jwst_miri_f0560w jwst_miri_f0770w jwst_miri_f1000w
-1.95 nan nan nan nan nan nan nan nan nan nan nan nan nan nan nan nan nan nan nan nan nan nan nan nan nan nan nan nan nan nan nan nan nan nan nan nan
-1.85 nan nan nan nan nan nan nan nan nan nan nan nan nan nan nan nan nan nan nan nan nan nan nan nan nan nan nan nan nan nan nan nan nan nan nan nan
-1.75 nan nan nan nan nan nan nan nan nan nan nan nan nan nan nan nan nan nan nan nan nan nan nan nan nan nan nan nan nan nan nan nan nan nan nan nan
-1.65 nan nan nan nan nan nan nan nan nan nan nan nan nan nan nan nan nan nan nan nan nan nan nan nan nan nan nan nan nan nan nan nan nan nan nan nan
-1.55 nan nan nan nan nan nan nan nan nan nan nan nan nan nan nan nan nan nan nan nan nan nan nan nan nan nan nan nan nan nan nan nan nan nan nan nan
-1.45 nan nan nan nan nan nan nan nan nan nan nan nan nan nan nan nan nan nan nan nan nan nan nan nan nan nan nan nan nan nan nan nan nan nan nan nan
-1.35 nan nan nan nan nan nan nan nan nan nan nan nan nan nan nan nan nan nan nan nan nan nan nan nan nan nan nan nan nan nan nan nan nan nan nan nan
-1.25 nan nan nan nan nan nan nan nan nan nan nan nan nan nan nan nan nan nan nan nan nan nan nan nan nan nan nan nan nan nan nan nan nan nan nan nan
-1.15 nan nan nan nan nan nan nan nan nan nan nan nan nan nan nan nan nan nan nan nan nan nan nan nan nan nan nan nan nan nan nan nan nan nan nan nan
-1.05 nan nan nan nan nan nan nan nan nan nan nan nan nan nan nan nan nan nan nan nan nan nan nan nan nan nan nan nan nan nan nan nan nan nan nan nan
-0.95 nan nan nan nan nan nan nan nan nan nan nan nan nan nan nan nan nan nan nan nan nan nan nan nan nan nan nan nan nan nan nan nan nan nan nan nan
-0.85 nan nan nan nan nan nan nan nan nan nan nan nan nan nan nan nan nan nan nan nan nan nan nan nan nan nan nan nan nan nan nan nan nan nan nan nan
-0.75 nan nan nan nan nan nan nan nan nan nan nan nan nan nan nan nan nan nan nan nan nan nan nan nan nan nan nan nan nan nan nan nan nan nan nan nan
-0.65 nan nan nan nan nan nan nan nan nan nan nan nan nan nan nan nan nan nan nan nan nan nan nan nan nan nan nan nan nan nan nan nan nan nan nan nan
-0.55 nan nan nan nan nan nan nan nan nan nan nan nan nan nan nan nan nan nan nan nan nan nan nan nan nan nan nan nan nan nan nan nan nan nan nan nan
-0.45 nan nan nan nan nan nan nan nan nan nan nan nan nan nan nan nan nan nan nan nan nan nan nan nan nan nan nan nan nan nan nan nan nan nan nan nan
-0.35 nan nan nan nan nan nan nan nan nan nan nan nan nan nan nan nan nan nan nan nan nan nan nan nan nan nan nan nan nan nan nan nan nan nan nan nan
-0.25 nan nan nan nan nan nan nan nan nan nan nan nan nan nan nan nan nan nan nan nan nan nan nan nan nan nan nan nan nan nan nan nan nan nan nan nan
-0.15 nan nan nan nan nan nan nan nan nan nan nan nan nan nan nan nan nan nan nan nan nan nan nan nan nan nan nan nan nan nan nan nan nan nan nan nan
-0.05 nan nan nan nan nan nan nan nan nan nan nan nan nan nan nan nan nan nan nan nan nan nan nan nan nan nan nan nan nan nan nan nan nan nan nan nan
0.05 -14.955 -15.437 -14.524 -14.65 -13.899 -13.531 -15.617 -15.596 -15.467 -15.242 -15.009 -14.784 -14.681 -14.519 -14.357 -14.192 -13.781 -13.739 -13.444 -13.317 -13.183 -12.989 -12.842 -13.987 -13.615 -13.288 -12.878 -13.964 -11.867 -11.823 -11.722 -11.068 -11.12 -9.459 -6.711 nan
0.15 -15.768 -16.137 -15.562 -15.712 -14.888 -14.43 -15.682 -15.882 -16.101 -16.278 -16.083 -15.919 -15.761 -15.546 -15.351 -15.179 -14.806 -14.725 -14.166 -14.122 -14.029 -13.88 -13.624 -14.991 -14.63 -14.079 -13.731 -14.643 -13.082 -12.834 -12.839 -12.585 -11.963 -11.769 -11.065 -5.395
0.25 -15.84 -15.896 -15.865 -16.05 -15.312 -14.856 -15.037 -15.381 -15.861 -16.195 -16.204 -16.155 -16.084 -15.978 -15.808 -15.683 -15.198 -15.117 -14.581 -14.48 -14.318 -14.202 -14.007 -15.413 -15.016 -14.441 -14.057 -14.729 -13.698 -13.182 -13.075 -12.727 -12.159 -12.187 -10.674 0.474
0.35 -15.759 -15.324 -15.968 -16.154 -15.592 -15.255 -13.67 -14.191 -15.221 -15.871 -16.197 -16.259 -16.19 -16.092 -15.964 -15.867 -15.49 -15.435 -14.946 -14.837 -14.642 -14.473 -14.192 -15.674 -15.387 -14.777 -14.284 -14.827 -14.09 -13.514 -13.404 -13.137 -12.469 -12.442 -11.059 -5.197
0.45 -15.646 -14.444 -15.985 -16.201 -15.703 -15.472 -12.144 -12.76 -14.165 -15.306 -16.011 -16.287 -16.273 -16.19 -16.047 -15.928 -15.629 -15.598 -15.164 -15.052 -14.843 -14.684 -14.426 -15.769 -15.557 -14.995 -14.494 -14.848 -14.193 -13.649 -13.426 -12.981 -12.423 -12.133 -11.051 -5.131
0.55 -15.488 -13.507 -15.891 -16.103 -15.735 -15.528 -11.185 -11.799 -13.111 -14.525 -15.51 -16.029 -16.197 -16.208 -16.083 -15.952 -15.695 -15.657 -15.255 -15.147 -14.942 -14.795 -14.54 -15.796 -15.619 -15.091 -14.599 -14.869 -14.29 -13.698 -13.514 -13.181 -12.439 -12.136 -11.009 -4.132
0.65 -15.353 -12.858 -15.783 -15.937 -15.765 -15.549 -10.392 -11.029 -12.365 -13.989 -14.99 -15.551 -15.987 -16.14 -16.101 -16.002 -15.738 -15.695 -15.313 -15.214 -15.025 -14.884 -14.601 -15.83 -15.647 -15.143 -14.687 -14.915 -14.456 -13.799 -13.547 -13.106 -12.281 -12.207 -11.099 -7.973
0.75 -15.262 -12.385 -15.706 -15.785 -15.813 -15.629 -9.757 -10.374 -11.794 -13.595 -14.638 -15.147 -15.76 -16.038 -16.081 -16.052 -15.783 -15.749 -15.393 -15.306 -15.13 -14.996 -14.704 -15.862 -15.733 -15.215 -14.796 -15.009 -14.572 -14.011 -13.716 -13.215 -12.427 -12.169 -11.23 -7.214
0.85 -15.204 -12.053 -15.658 -15.658 -15.871 -15.695 -9.128 -9.877 -11.393 -13.32 -14.347 -14.849 -15.562 -15.944 -16.053 -16.095 -15.823 -15.797 -15.478 -15.407 -15.257 -15.13 -14.844 -15.911 -15.806 -15.316 -14.954 -15.122 -14.73 -14.152 -13.821 -13.25 -12.319 -12.047 -11.152 -5.701
0.95 -15.11 -11.76 -15.571 -15.47 -15.895 -15.794 -8.633 -9.468 -11.058 -13.078 -13.994 -14.457 -15.3 -15.79 -15.965 -16.069 -15.837 -15.829 -15.61 -15.525 -15.374 -15.246 -14.992 -15.916 -15.898 -15.433 -15.106 -15.245 -14.857 -14.266 -13.95 -13.435 -12.353 -12.221 -11.448 -6.682
1.05 -14.992 -11.486 -15.457 -15.252 -15.878 -15.825 -8.171 -9.049 -10.716 -12.858 -13.674 -14.084 -15.025 -15.593 -15.833 -15.979 -15.837 -15.837 -15.663 -15.58 -15.441 -15.318 -15.088 -15.887 -15.941 -15.485 -15.203 -15.331 -14.962 -14.424 -14.098 -13.573 -12.464 -12.285 -11.461 -6.451
1.15 -14.856 -11.211 -15.326 -15.021 -15.825 -15.846 -7.79 -8.68 -10.408 -12.578 -13.408 -13.799 -14.749 -15.37 -15.664 -15.841 -15.814 -15.826 -15.681 -15.61 -15.489 -15.382 -15.178 -15.814 -15.967 -15.506 -15.284 -15.403 -15.048 -14.546 -14.225 -13.724 -12.627 -12.343 -11.584 -7.613
1.25 -14.72 -10.92 -15.193 -14.795 -15.757 -15.837 -7.515 -8.376 -10.096 -12.29 -13.166 -13.558 -14.507 -15.147 -15.477 -15.669 -15.801 -15.815 -15.702 -15.633 -15.52 -15.429 -15.248 -15.73 -15.973 -15.535 -15.355 -15.467 -15.148 -14.625 -14.317 -13.854 -12.718 -12.561 -11.708 -6.786
1.35 -14.598 -10.643 -15.074 -14.588 -15.694 -15.834 -7.291 -8.127 -9.778 -12.032 -12.93 -13.34 -14.301 -14.944 -15.305 -15.506 -15.774 -15.793 -15.707 -15.64 -15.529 -15.465 -15.31 -15.643 -15.985 -15.535 -15.409 -15.508 -15.199 -14.719 -14.414 -13.967 -12.74 -12.508 -11.807 -6.763
1.45 -14.481 -10.376 -14.96 -14.396 -15.624 -15.809 -6.799 -7.668 -9.424 -11.811 -12.746 -13.202 -14.127 -14.75 -15.133 -15.335 -15.74 -15.763 -15.703 -15.643 -15.548 -15.489 -15.352 -15.55 -15.983 -15.547 -15.446 -15.551 -15.27 -14.787 -14.484 -14.042 -12.859 -12.722 -11.821 -7.773
1.55 -14.379 -10.143 -14.859 -14.217 -15.563 -15.807 -6.574 -7.434 -9.16 -11.584 -12.56 -13.039 -13.952 -14.572 -14.975 -15.178 -15.707 -15.74 -15.716 -15.643 -15.537 -15.494 -15.395 -15.463 -15.998 -15.555 -15.467 -15.589 -15.313 -14.869 -14.564 -14.127 -12.98 -12.788 -11.991 -8.504
1.65 -14.282 -9.908 -14.764 -14.055 -15.498 -15.788 -6.563 -7.275 -8.883 -11.369 -12.349 -12.835 -13.777 -14.416 -14.835 -15.048 -15.657 -15.702 -15.697 -15.625 -15.519 -15.504 -15.432 -15.373 -15.981 -15.543 -15.496 -15.605 -15.378 -14.865 -14.575 -14.172 -12.933 -12.731 -11.977 -7.907
1.75 -14.2 -9.694 -14.684 -13.923 -15.44 -15.772 -6.118 -6.892 -8.605 -11.167 -12.208 -12.735 -13.647 -14.282 -14.716 -14.931 -15.606 -15.664 -15.683 -15.614 -15.511 -15.513 -15.457 -15.289 -15.976 -15.538 -15.515 -15.621 -15.39 -14.925 -14.626 -14.201 -12.998 -12.862 -11.971 -8.268
1.85 -14.117 -9.543 -14.602 -13.793 -15.377 -15.761 -5.916 -6.772 -8.486 -10.99 -12.068 -12.592 -13.506 -14.154 -14.605 -14.827 -15.54 -15.612 -15.694 -15.615 -15.505 -15.514 -15.479 -15.2 -15.97 -15.553 -15.523 -15.637 -15.402 -14.961 -14.653 -14.214 -13.023 -12.918 -12.018 -8.831
1.95 -14.048 -9.367 -14.534 -13.684 -15.323 -15.75 -5.834 -6.612 -8.273 -10.833 -11.923 -12.492 -13.388 -14.048 -14.512 -14.744 -15.475 -15.564 -15.692 -15.608 -15.491 -15.502 -15.486 -15.123 -15.96 -15.557 -15.524 -15.65 -15.435 -14.984 -14.678 -14.249 -13.102 -12.78 -12.091 -8.113
2.05 -13.976 -9.224 -14.463 -13.569 -15.267 -15.735 -5.688 -6.443 -8.087 -10.695 -11.819 -12.374 -13.269 -13.934 -14.412 -14.646 -15.418 -15.519 -15.684 -15.595 -15.475 -15.493 -15.487 -15.043 -15.953 -15.549 -15.512 -15.655 -15.437 -15.004 -14.705 -14.284 -13.158 -12.824 -12.107 -8.404
2.15 -13.906 -9.099 -14.393 -13.47 -15.207 -15.712 -5.483 -6.338 -7.995 -10.553 -11.702 -12.296 -13.171 -13.834 -14.322 -14.561 -15.344 -15.461 -15.684 -15.593 -15.477 -15.486 -15.478 -14.964 -15.932 -15.557 -15.508 -15.66 -15.444 -15.004 -14.714 -14.309 -13.238 -12.896 -11.937 -8.685
2.25 -13.84 -8.976 -14.328 -13.38 -15.15 -15.686 -5.428 -6.24 -7.843 -10.423 -11.611 -12.213 -13.075 -13.746 -14.241 -14.484 -15.281 -15.41 -15.677 -15.587 -15.477 -15.475 -15.464 -14.896 -15.907 -15.564 -15.488 -15.66 -15.432 -15.003 -14.725 -14.348 -13.257 -12.904 -12.085 -8.244
2.35 -13.777 -8.86 -14.266 -13.293 -15.095 -15.662 -5.243 -6.03 -7.691 -10.343 -11.525 -12.135 -12.986 -13.658 -14.161 -14.407 -15.216 -15.356 -15.68 -15.59 -15.482 -15.484 -15.476 -14.826 -15.897 -15.571 -15.504 -15.68 -15.457 -15.056 -14.767 -14.37 -13.293 -12.959 -12.164 -8.474
2.45 -13.716 -8.766 -14.204 -13.212 -15.04 -15.624 -5.286 -6.086 -7.648 -10.201 -11.434 -12.054 -12.904 -13.578 -14.091 -14.339 -15.156 -15.303 -15.653 -15.567 -15.464 -15.468 -15.458 -14.76 -15.867 -15.56 -15.473 -15.671 -15.449 -15.032 -14.766 -14.412 -13.352 -12.977 -12.259 -9.254
2.55 -13.649 -8.648 -14.138 -13.136 -14.978 -15.585 -5.019 -5.803 -7.447 -10.103 -11.374 -12.011 -12.836 -13.498 -14.011 -14.258 -15.086 -15.24 -15.655 -15.566 -15.468 -15.462 -15.451 -14.687 -15.852 -15.572 -15.466 -15.69 -15.459 -15.073 -14.808 -14.459 -13.485 -13.016 -12.312 -9.214
2.65 -13.588 -8.576 -14.077 -13.063 -14.92 -15.53 -4.957 -5.782 -7.397 -10.016 -11.275 -11.941 -12.756 -13.428 -13.949 -14.201 -15.024 -15.179 -15.618 -15.541 -15.461 -15.469 -15.463 -14.631 -15.816 -15.561 -15.477 -15.695 -15.464 -15.098 -14.837 -14.496 -13.491 -13.101 -12.289 -8.706
2.75 -13.526 -8.481 -14.015 -12.988 -14.862 -15.485 -4.96 -5.742 -7.334 -9.901 -11.2 -11.868 -12.687 -13.353 -13.878 -14.13 -14.963 -15.124 -15.592 -15.515 -15.44 -15.433 -15.43 -14.565 -15.796 -15.544 -15.438 -15.691 -15.45 -15.11 -14.864 -14.547 -13.628 -13.104 -12.426 -8.873
2.85 -13.467 -8.379 -13.956 -12.926 -14.804 -15.437 -4.858 -5.651 -7.149 -9.833 -11.164 -11.844 -12.626 -13.286 -13.814 -14.066 -14.9 -15.064 -15.567 -15.5 -15.439 -15.446 -15.452 -14.506 -15.77 -15.529 -15.461 -15.705 -15.461 -15.124 -14.888 -14.588 -13.676 -13.195 -12.447 -9.327
2.95 -13.404 -8.315 -13.893 -12.86 -14.743 -15.379 -4.861 -5.604 -7.127 -9.742 -11.08 -11.778 -12.563 -13.222 -13.75 -14.003 -14.837 -15.003 -15.521 -15.458 -15.403 -15.419 -15.428 -14.448 -15.733 -15.498 -15.435 -15.694 -15.459 -15.154 -14.918 -14.621 -13.718 -13.127 -12.395 -9.26
3.05 -13.346 -8.256 -13.835 -12.797 -14.686 -15.328 -4.778 -5.566 -7.048 -9.696 -11.02 -11.745 -12.508 -13.157 -13.686 -13.939 -14.779 -14.946 -15.483 -15.424 -15.374 -15.404 -15.412 -14.383 -15.707 -15.465 -15.415 -15.681 -15.431 -15.142 -14.918 -14.639 -13.766 -13.167 -12.491 -8.921
3.15 -13.292 -8.173 -13.782 -12.738 -14.634 -15.281 -4.736 -5.421 -7.0 -9.588 -10.959 -11.69 -12.452 -13.098 -13.626 -13.878 -14.727 -14.896 -15.456 -15.4 -15.361 -15.384 -15.398 -14.33 -15.69 -15.446 -15.395 -15.682 -15.414 -15.147 -14.929 -14.661 -13.866 -13.297 -12.527 -9.018
3.25 -13.231 -8.094 -13.721 -12.682 -14.572 -15.218 -4.716 -5.43 -6.949 -9.488 -10.907 -11.653 -12.402 -13.041 -13.569 -13.82 -14.663 -14.834 -15.386 -15.343 -15.315 -15.355 -15.376 -14.273 -15.657 -15.398 -15.367 -15.669 -15.397 -15.186 -14.969 -14.7 -13.885 -13.375 -12.52 -8.924
3.35 -13.18 -8.036 -13.669 -12.633 -14.519 -15.162 -4.649 -5.399 -6.861 -9.43 -10.853 -11.611 -12.355 -12.991 -13.517 -13.767 -14.616 -14.782 -15.336 -15.301 -15.278 -15.335 -15.366 -14.224 -15.632 -15.355 -15.347 -15.66 -15.395 -15.197 -14.982 -14.72 -13.919 -13.316 -12.514 -9.689
3.45 -13.123 -7.908 -13.612 -12.576 -14.464 -15.107 -4.491 -5.115 -6.642 -9.331 -10.796 -11.559 -12.304 -12.933 -13.46 -13.709 -14.556 -14.725 -15.304 -15.268 -15.252 -15.318 -15.37 -14.16 -15.6 -15.328 -15.353 -15.651 -15.381 -15.195 -14.974 -14.702 -13.943 -13.425 -12.466 -9.161
3.55 -13.072 -7.863 -13.561 -12.524 -14.413 -15.059 -4.55 -5.209 -6.659 -9.28 -10.744 -11.515 -12.254 -12.881 -13.411 -13.661 -14.498 -14.671 -15.257 -15.231 -15.231 -15.29 -15.341 -14.117 -15.579 -15.296 -15.322 -15.649 -15.405 -15.22 -14.998 -14.727 -13.961 -13.422 -12.596 -9.151
3.65 -13.014 -7.803 -13.504 -12.481 -14.352 -14.995 -4.392 -5.044 -6.6 -9.186 -10.689 -11.478 -12.219 -12.837 -13.356 -13.603 -14.441 -14.61 -15.222 -15.195 -15.193 -15.26 -15.317 -14.064 -15.553 -15.271 -15.286 -15.636 -15.367 -15.226 -15.012 -14.75 -14.027 -13.444 -12.583 -9.441
3.75 -12.969 -7.74 -13.459 -12.429 -14.308 -14.958 -4.397 -5.061 -6.55 -9.125 -10.637 -11.431 -12.168 -12.785 -13.3 -13.544 -14.402 -14.572 -15.197 -15.172 -15.177 -15.263 -15.329 -14.009 -15.537 -15.249 -15.296 -15.63 -15.355 -15.222 -15.009 -14.75 -14.041 -13.477 -12.557 -8.91
3.85 -12.919 -7.678 -13.409 -12.38 -14.259 -14.91 -4.275 -4.996 -6.481 -9.057 -10.592 -11.393 -12.129 -12.734 -13.255 -13.498 -14.343 -14.518 -15.149 -15.142 -15.16 -15.263 -15.335 -13.958 -15.515 -15.219 -15.294 -15.63 -15.353 -15.238 -15.029 -14.779 -14.056 -13.458 -12.616 -8.928
3.95 -12.872 -7.608 -13.361 -12.342 -14.209 -14.858 -4.295 -4.883 -6.418 -8.991 -10.532 -11.362 -12.088 -12.697 -13.217 -13.464 -14.29 -14.463 -15.103 -15.1 -15.126 -15.233 -15.304 -13.919 -15.495 -15.178 -15.266 -15.623 -15.348 -15.267 -15.049 -14.783 -14.07 -13.489 -12.583 -9.46
4.05 -12.822 -7.554 -13.312 -12.292 -14.16 -14.805 -4.311 -4.998 -6.362 -8.93 -10.483 -11.309 -12.039 -12.647 -13.158 -13.402 -14.254 -14.422 -15.068 -15.078 -15.115 -15.224 -15.299 -13.867 -15.477 -15.163 -15.252 -15.623 -15.342 -15.276 -15.059 -14.795 -14.065 -13.534 -12.626 -9.306
4.15 -12.776 -7.476 -13.266 -12.244 -14.114 -14.767 -4.08 -4.705 -6.283 -8.837 -10.432 -11.263 -11.999 -12.598 -13.111 -13.352 -14.205 -14.377 -15.049 -15.056 -15.096 -15.207 -15.292 -13.82 -15.445 -15.144 -15.243 -15.607 -15.326 -15.281 -15.057 -14.783 -14.057 -13.395 -12.582 -8.563
4.25 -12.732 -7.434 -13.221 -12.206 -14.068 -14.723 -4.048 -4.743 -6.229 -8.818 -10.387 -11.236 -11.964 -12.56 -13.071 -13.312 -14.151 -14.326 -15.006 -15.027 -15.083 -15.198 -15.28 -13.772 -15.428 -15.112 -15.232 -15.595 -15.309 -15.286 -15.053 -14.763 -14.049 -13.514 -12.558 -9.102
4.35 -12.681 -7.366 -13.17 -12.164 -14.015 -14.674 -4.057 -4.78 -6.18 -8.722 -10.344 -11.197 -11.923 -12.517 -13.022 -13.262 -14.096 -14.275 -14.974 -15.008 -15.074 -15.188 -15.261 -13.717 -15.404 -15.107 -15.214 -15.591 -15.291 -15.3 -15.065 -14.773 -14.046 -13.465 -12.629 -9.243
4.45 -12.642 -7.307 -13.131 -12.13 -13.974 -14.631 -3.958 -4.62 -6.101 -8.655 -10.288 -11.164 -11.893 -12.485 -12.987 -13.227 -14.056 -14.232 -14.937 -14.974 -15.047 -15.166 -15.262 -13.678 -15.387 -15.073 -15.206 -15.586 -15.306 -15.3 -15.069 -14.784 -14.062 -13.405 -12.655 -8.253
4.55 -12.595 -7.267 -13.085 -12.086 -13.927 -14.571 -3.995 -4.665 -6.069 -8.6 -10.238 -11.111 -11.847 -12.441 -12.94 -13.178 -14.018 -14.185 -14.896 -14.944 -15.022 -15.16 -15.256 -13.641 -15.354 -15.042 -15.198 -15.573 -15.288 -15.299 -15.059 -14.76 -14.04 -13.42 -12.616 -9.331
4.65 -12.554 -7.187 -13.044 -12.05 -13.886 -14.531 -3.88 -4.528 -5.997 -8.531 -10.189 -11.072 -11.824 -12.404 -12.904 -13.138 -13.971 -14.144 -14.857 -14.914 -15.008 -15.143 -15.244 -13.598 -15.333 -15.016 -15.185 -15.561 -15.28 -15.312 -15.06 -14.743 -13.98 -13.447 -12.546 -8.997
4.75 -12.508 -7.13 -12.998 -12.007 -13.838 -14.491 -3.796 -4.353 -5.895 -8.498 -10.159 -11.036 -11.773 -12.361 -12.857 -13.093 -13.921 -14.097 -14.832 -14.896 -15.004 -15.127 -15.226 -13.547 -15.301 -14.994 -15.169 -15.543 -15.257 -15.295 -15.045 -14.729 -13.947 -13.359 -12.569 -9.309
4.85 -12.46 -7.067 -12.95 -11.964 -13.788 -14.443 -3.887 -4.471 -5.777 -8.435 -10.113 -11.011 -11.735 -12.317 -12.81 -13.045 -13.87 -14.048 -14.792 -14.865 -14.98 -15.111 -15.224 -13.501 -15.276 -14.965 -15.162 -15.53 -15.232 -15.305 -15.046 -14.713 -13.911 -13.386 -12.56 -8.85
4.95 -12.418 -7.041 -12.907 -11.923 -13.747 -14.393 -3.737 -4.415 -5.857 -8.392 -10.051 -10.948 -11.692 -12.279 -12.775 -13.01 -13.827 -14.002 -14.757 -14.844 -14.967 -15.094 -15.191 -13.464 -15.248 -14.95 -15.132 -15.518 -15.231 -15.312 -15.045 -14.704 -13.83 -13.411 -12.511 -8.8
5.05 -12.38 -6.963 -12.869 -11.889 -13.708 -14.358 -3.755 -4.328 -5.717 -8.315 -10.019 -10.927 -11.667 -12.243 -12.736 -12.968 -13.786 -13.961 -14.731 -14.82 -14.944 -15.076 -15.183 -13.424 -15.215 -14.922 -15.122 -15.496 -15.201 -15.292 -15.027 -14.686 -13.799 -13.276 -12.508 -8.673
5.15 -12.34 -6.88 -12.829 -11.858 -13.665 -14.316 -3.688 -4.213 -5.631 -8.208 -9.979 -10.887 -11.64 -12.212 -12.698 -12.927 -13.741 -13.921 -14.691 -14.803 -14.946 -15.071 -15.173 -13.38 -15.194 -14.902 -15.119 -15.49 -15.195 -15.296 -15.024 -14.671 -13.758 -13.267 -12.486 -9.558
5.25 -12.295 -6.837 -12.785 -11.817 -13.619 -14.27 -3.584 -4.204 -5.567 -8.179 -9.904 -10.839 -11.601 -12.173 -12.654 -12.881 -13.702 -13.877 -14.662 -14.767 -14.911 -15.041 -15.155 -13.336 -15.171 -14.872 -15.095 -15.472 -15.192 -15.3 -15.016 -14.642 -13.739 -13.275 -12.441 -9.271
5.35 -12.259 -6.74 -12.748 -11.778 -13.584 -14.231 -3.606 -4.171 -5.538 -8.065 -9.886 -10.83 -11.559 -12.132 -12.623 -12.856 -13.657 -13.838 -14.617 -14.741 -14.9 -15.018 -15.122 -13.301 -15.135 -14.844 -15.061 -15.45 -15.17 -15.282 -14.996 -14.619 -13.657 -13.218 -12.495 -8.815
5.45 -12.218 -6.698 -12.707 -11.742 -13.541 -14.196 -3.48 -4.117 -5.446 -8.047 -9.804 -10.758 -11.526 -12.099 -12.583 -12.811 -13.616 -13.795 -14.59 -14.727 -14.888 -15.005 -15.102 -13.262 -15.102 -14.82 -15.051 -15.433 -15.159 -15.284 -14.984 -14.582 -13.659 -13.076 -12.279 -9.012
5.55 -12.18 -6.628 -12.669 -11.713 -13.501 -14.151 -3.481 -4.091 -5.407 -7.979 -9.769 -10.724 -11.49 -12.071 -12.555 -12.783 -13.574 -13.751 -14.549 -14.692 -14.862 -14.979 -15.082 -13.218 -15.068 -14.78 -15.036 -15.409 -15.153 -15.271 -14.964 -14.551 -13.554 -12.993 -12.193 -8.298
5.65 -12.139 -6.568 -12.628 -11.68 -13.457 -14.106 -3.457 -3.964 -5.221 -7.91 -9.756 -10.691 -11.461 -12.036 -12.515 -12.742 -13.529 -13.708 -14.523 -14.665 -14.834 -14.958 -15.071 -13.179 -15.034 -14.757 -15.017 -15.388 -15.128 -15.245 -14.936 -14.521 -13.48 -13.077 -12.304 -9.136
5.75 -12.1 -6.496 -12.59 -11.64 -13.42 -14.06 -3.5 -3.98 -5.178 -7.831 -9.701 -10.648 -11.422 -11.997 -12.479 -12.706 -13.493 -13.67 -14.491 -14.642 -14.824 -14.934 -15.029 -13.146 -15.012 -14.736 -14.977 -15.369 -15.096 -15.245 -14.932 -14.506 -13.423 -13.059 -12.264 -9.741
5.85 -12.056 -6.443 -12.545 -11.605 -13.372 -14.013 -3.439 -4.074 -5.18 -7.773 -9.66 -10.621 -11.388 -11.961 -12.439 -12.667 -13.441 -13.617 -14.44 -14.614 -14.802 -14.914 -15.007 -13.096 -14.966 -14.696 -14.962 -15.347 -15.092 -15.226 -14.9 -14.448 -13.35 -12.993 -12.284 -9.143
5.95 -12.026 -6.375 -12.515 -11.581 -13.34 -13.981 -3.274 -3.793 -5.044 -7.73 -9.608 -10.587 -11.37 -11.939 -12.414 -12.638 -13.407 -13.586 -14.395 -14.585 -14.787 -14.898 -14.998 -13.065 -14.943 -14.661 -14.952 -15.327 -15.073 -15.214 -14.885 -14.426 -13.343 -12.944 -12.15 -9.422
6.05 -11.991 -6.3 -12.48 -11.542 -13.307 -13.943 -3.36 -3.816 -4.85 -7.67 -9.552 -10.546 -11.326 -11.901 -12.377 -12.602 -13.383 -13.557 -14.34 -14.536 -14.732 -14.861 -14.967 -13.036 -14.906 -14.612 -14.918 -15.29 -15.041 -15.198 -14.863 -14.396 -13.196 -12.861 -12.148 -8.917
6.15 -11.943 -6.209 -12.432 -11.503 -13.256 -13.872 -3.07 -3.63 -4.959 -7.511 -9.477 -10.483 -11.287 -11.866 -12.344 -12.569 -13.333 -13.501 -14.311 -14.514 -14.726 -14.841 -14.942 -13.002 -14.86 -14.595 -14.899 -15.272 -15.035 -15.171 -14.833 -14.358 -13.193 -12.714 -12.149 -9.044
6.25 -11.91 -6.188 -12.399 -11.477 -13.221 -13.86 -3.285 -3.825 -4.859 -7.497 -9.443 -10.448 -11.259 -11.84 -12.313 -12.537 -13.279 -13.465 -14.269 -14.478 -14.689 -14.798 -14.898 -12.959 -14.844 -14.535 -14.862 -15.247 -15.015 -15.148 -14.813 -14.341 -13.142 -12.872 -12.057 -9.403
6.35 -11.868 -6.145 -12.357 -11.44 -13.177 -13.8 -3.146 -3.643 -4.843 -7.457 -9.446 -10.415 -11.228 -11.801 -12.272 -12.495 -13.249 -13.421 -14.225 -14.448 -14.667 -14.784 -14.879 -12.92 -14.806 -14.511 -14.838 -15.224 -15.007 -15.134 -14.789 -14.296 -13.137 -12.709 -12.122 -8.999
6.45 -11.833 -6.064 -12.323 -11.401 -13.145 -13.777 -3.126 -3.597 -4.723 -7.402 -9.363 -10.39 -11.192 -11.762 -12.232 -12.453 -13.213 -13.39 -14.206 -14.42 -14.637 -14.733 -14.832 -12.881 -14.774 -14.492 -14.797 -15.201 -14.994 -15.124 -14.765 -14.244 -13.013 -12.736 -12.047 -9.634
6.55 -11.802 -5.941 -12.291 -11.373 -13.112 -13.734 -2.918 -3.486 -4.595 -7.256 -9.307 -10.351 -11.159 -11.737 -12.21 -12.432 -13.182 -13.353 -14.155 -14.385 -14.602 -14.708 -14.8 -12.85 -14.746 -14.445 -14.764 -15.173 -14.961 -15.103 -14.737 -14.198 -13.03 -12.619 -12.036 -9.743
6.65 -11.757 -5.914 -12.247 -11.337 -13.064 -13.671 -2.946 -3.418 -4.611 -7.235 -9.244 -10.295 -11.115 -11.703 -12.169 -12.391 -13.15 -13.307 -14.118 -14.355 -14.58 -14.679 -14.773 -12.814 -14.701 -14.406 -14.749 -15.151 -14.947 -15.09 -14.718 -14.167 -12.883 -12.616 -11.97 -9.43
6.75 -11.734 -5.878 -12.224 -11.3 -13.046 -13.664 -2.918 -3.453 -4.656 -7.104 -9.218 -10.251 -11.077 -11.667 -12.143 -12.369 -13.119 -13.29 -14.067 -14.323 -14.553 -14.653 -14.716 -12.793 -14.687 -14.366 -14.702 -15.118 -14.928 -15.062 -14.677 -14.099 -12.765 -12.727 -12.233 -9.773
6.85 -11.684 -5.762 -12.173 -11.267 -12.991 -13.593 -2.821 -3.437 -4.528 -7.008 -9.162 -10.191 -11.048 -11.635 -12.105 -12.327 -13.065 -13.228 -14.035 -14.275 -14.502 -14.609 -14.703 -12.742 -14.627 -14.326 -14.668 -15.089 -14.918 -15.022 -14.637 -14.057 -12.708 -12.571 -12.018 -10.007
6.95 -11.66 -5.71 -12.149 -11.237 -12.968 -13.587 -2.871 -3.407 -4.377 -6.992 -9.143 -10.166 -11.021 -11.604 -12.077 -12.298 -13.035 -13.207 -14.006 -14.251 -14.48 -14.557 -14.636 -12.718 -14.616 -14.296 -14.617 -15.059 -14.881 -15.004 -14.617 -14.031 -12.712 -12.576 -12.075 -9.74
7.05 -11.546 -5.568 -12.035 -11.15 -12.845 -13.451 -2.635 -3.155 -4.275 -6.845 -9.031 -10.095 -10.945 -11.517 -11.976 -12.192 -12.917 -13.083 -13.902 -14.17 -14.414 -14.511 -14.606 -12.595 -14.53 -14.217 -14.581 -15.013 -14.857 -14.958 -14.573 -13.995 -12.553 -12.495 -11.999 -9.727
7.15 -11.3 -5.296 -11.789 -10.919 -12.594 -13.264 -2.359 -2.883 -3.904 -6.605 -8.705 -9.784 -10.706 -11.291 -11.737 -11.946 -12.632 -12.82 -13.815 -14.11 -14.372 -14.469 -14.545 -12.329 -14.45 -14.163 -14.53 -14.974 -14.811 -14.942 -14.547 -13.942 -12.57 -12.489 -11.988 -9.804
7.25 -11.072 -5.017 -11.562 -10.686 -12.37 -13.094 -2.219 -2.634 -3.568 -6.381 -8.386 -9.49 -10.484 -11.064 -11.497 -11.696 -12.385 -12.598 -13.723 -14.03 -14.302 -14.395 -14.479 -12.077 -14.358 -14.094 -14.457 -14.921 -14.777 -14.906 -14.491 -13.836 -12.534 -12.428 -11.917 -9.883
7.35 -10.861 -4.731 -11.351 -10.467 -12.161 -12.933 -1.802 -2.334 -3.403 -6.101 -8.081 -9.212 -10.253 -10.852 -11.276 -11.476 -12.148 -12.391 -13.626 -13.975 -14.267 -14.377 -14.443 -11.85 -14.276 -14.02 -14.436 -14.88 -14.758 -14.85 -14.446 -13.821 -12.375 -12.387 -11.887 -9.635
7.45 -10.666 -4.358 -11.156 -10.242 -11.975 -12.832 -1.49 -2.088 -3.085 -5.726 -7.677 -8.839 -10.013 -10.636 -11.054 -11.255 -11.914 -12.214 -13.553 -13.917 -14.219 -14.327 -14.404 -11.612 -14.239 -13.967 -14.392 -14.851 -14.725 -14.836 -14.421 -13.765 -12.372 -12.443 -11.882 -10.07
7.55 -10.479 -4.193 -10.97 -9.974 -11.814 -12.737 -1.226 -1.859 -3.029 -5.528 -7.375 -8.545 -9.749 -10.371 -10.798 -10.993 -11.752 -12.076 -13.487 -13.867 -14.177 -14.285 -14.346 -11.398 -14.19 -13.913 -14.338 -14.811 -14.695 -14.794 -14.379 -13.729 -12.321 -12.44 -11.826 -10.031
7.65 -10.309 -3.946 -10.8 -9.776 -11.649 -12.623 -1.011 -1.787 -2.671 -5.313 -7.08 -8.233 -9.523 -10.181 -10.604 -10.797 -11.578 -11.917 -13.423 -13.805 -14.116 -14.22 -14.285 -11.21 -14.126 -13.842 -14.276 -14.763 -14.647 -14.77 -14.347 -13.67 -12.151 -12.356 -11.854 -9.86
7.75 -10.138 -3.539 -10.631 -9.504 -11.507 -12.542 -0.737 -1.538 -2.275 -4.908 -6.684 -7.785 -9.233 -9.916 -10.373 -10.586 -11.394 -11.78 -13.378 -13.759 -14.075 -14.176 -14.233 -10.998 -14.07 -13.806 -14.224 -14.727 -14.624 -14.74 -14.312 -13.619 -12.201 -12.351 -11.676 -9.698
7.85 -10.002 -3.391 -10.496 -9.27 -11.392 -12.466 -0.52 -1.274 -2.033 -4.802 -6.442 -7.436 -8.926 -9.687 -10.139 -10.362 -11.306 -11.691 -13.303 -13.692 -14.007 -14.109 -14.16 -10.845 -14.02 -13.723 -14.161 -14.685 -14.602 -14.688 -14.258 -13.558 -12.08 -12.31 -11.741 -10.423
7.95 -9.876 -3.277 -10.371 -8.977 -11.301 -12.468 -0.418 -1.237 -2.178 -4.552 -6.204 -7.11 -8.623 -9.396 -9.885 -10.113 -11.166 -11.628 -13.251 -13.647 -13.959 -14.07 -14.122 -10.639 -13.987 -13.676 -14.125 -14.649 -14.571 -14.665 -14.221 -13.481 -12.015 -12.223 -11.789 -10.106
8.05 -9.751 -2.882 -10.247 -8.67 -11.208 -12.397 -0.184 -1.042 -1.637 -4.26 -5.843 -6.677 -8.327 -9.092 -9.656 -9.881 -11.094 -11.548 -13.206 -13.588 -13.902 -13.99 -14.044 -10.538 -13.95 -13.622 -14.04 -14.608 -14.561 -14.636 -14.187 -13.435 -12.008 -12.23 -11.623 -10.26
8.15 -9.648 -2.588 -10.145 -8.391 -11.129 -12.288 -0.013 -1.003 -1.591 -3.653 -5.579 -6.251 -7.961 -8.824 -9.477 -9.751 -11.038 -11.47 -13.146 -13.539 -13.858 -13.958 -13.994 -10.474 -13.917 -13.575 -13.995 -14.576 -14.521 -14.603 -14.164 -13.447 -11.998 -12.193 -11.577 -10.084
8.25 -9.566 -2.347 -10.065 -8.107 -11.073 -12.275 0.13 -0.891 -1.237 -3.548 -5.226 -6.027 -7.725 -8.547 -9.278 -9.533 -10.978 -11.432 -13.097 -13.5 -13.82 -13.905 -13.937 -10.358 -13.881 -13.524 -13.947 -14.54 -14.514 -14.551 -14.104 -13.359 -11.828 -12.177 -11.862 -10.083
8.35 -9.49 -2.355 -9.99 -7.742 -11.023 -12.224 0.262 -0.819 -1.026 -3.63 -4.801 -5.268 -7.276 -8.2 -9.048 -9.346 -10.946 -11.396 -13.046 -13.43 -13.745 -13.841 -13.898 -10.328 -13.869 -13.453 -13.903 -14.511 -14.471 -14.56 -14.102 -13.323 -11.786 -12.258 -11.728 -10.664
8.45 -9.424 -1.895 -9.924 -7.433 -10.973 -12.228 0.226 -0.761 -0.673 -2.915 -5.062 -5.524 -6.891 -7.87 -8.85 -9.168 -10.872 -11.356 -12.992 -13.375 -13.685 -13.773 -13.816 -10.149 -13.826 -13.387 -13.825 -14.464 -14.432 -14.518 -14.058 -13.268 -11.742 -12.182 -11.689 -10.503
8.55 -9.387 -1.886 -9.888 -7.362 -10.938 -12.138 0.42 -0.708 -0.694 -3.106 -4.377 -4.831 -6.679 -7.847 -8.907 -9.252 -10.857 -11.316 -12.925 -13.317 -13.626 -13.705 -13.726 -10.273 -13.78 -13.344 -13.74 -14.429 -14.409 -14.488 -14.029 -13.247 -11.705 -12.225 -11.653 -10.319
8.65 -9.36 -1.406 -9.861 -7.265 -10.915 -12.115 0.455 -0.671 -0.279 -2.544 -4.183 -5.249 -6.441 -7.75 -8.828 -9.181 -10.859 -11.307 -12.856 -13.259 -13.576 -13.654 -13.661 -10.229 -13.764 -13.269 -13.68 -14.404 -14.417 -14.494 -14.008 -13.13 -11.584 -12.223 -11.835 -10.421
8.75 -9.297 -1.256 -9.798 -7.165 -10.854 -12.01 0.569 -0.565 0.101 -2.218 -3.626 -4.222 -6.318 -7.668 -8.779 -9.139 -10.832 -11.229 -12.79 -13.182 -13.49 -13.574 -13.603 -10.247 -13.706 -13.22 -13.616 -14.348 -14.36 -14.409 -13.94 -13.123 -11.69 -12.167 -11.768 -10.417
8.85 -9.261 -0.999 -9.763 -6.987 -10.827 -12.008 0.558 -0.554 0.55 -2.109 -3.643 -4.375 -6.271 -7.489 -8.658 -9.013 -10.799 -11.22 -12.762 -13.141 -13.444 -13.525 -13.529 -10.149 -13.674 -13.167 -13.544 -14.301 -14.307 -14.388 -13.91 -13.069 -11.563 -12.048 -11.741 -10.2
8.95 -9.237 -0.982 -9.738 -7.029 -10.798 -11.923 0.627 -0.501 0.429 -2.223 -3.685 -4.335 -6.157 -7.532 -8.717 -9.089 -10.804 -11.175 -12.682 -13.053 -13.35 -13.437 -13.448 -10.213 -13.623 -13.071 -13.464 -14.266 -14.297 -14.355 -13.871 -13.01 -11.46 -12.101 -11.538 -10.442
9.05 -9.223 -1.387 -9.725 -6.913 -10.788 -11.88 0.7 -0.476 0.62 -3.323 -3.281 -2.812 -5.904 -7.446 -8.729 -9.086 -10.85 -11.172 -12.615 -13.002 -13.308 -13.376 -13.353 -10.204 -13.626 -13.011 -13.381 -14.229 -14.264 -14.355 -13.855 -12.931 -11.496 -12.12 -11.538 -10.733
9.15 -9.176 -0.535 -9.678 -6.92 -10.74 -11.854 0.718 -0.448 0.652 -1.163 -3.187 -3.758 -6.293 -7.42 -8.541 -8.87 -10.802 -11.151 -12.569 -12.954 -13.261 -13.33 -13.334 -10.1 -13.587 -12.957 -13.352 -14.194 -14.219 -14.332 -13.838 -12.94 -11.399 -12.032 -11.454 -10.742
9.25 -9.202 -0.439 -9.704 -7.044 -10.761 -11.807 0.743 -0.439 0.661 -1.42 -2.482 -4.199 -5.815 -7.566 -8.779 -9.172 -10.811 -11.143 -12.509 -12.886 -13.189 -13.247 -13.226 -10.202 -13.554 -12.9 -13.263 -14.158 -14.191 -14.291 -13.79 -12.866 -11.434 -12.133 -11.568 -10.808
9.35 -9.161 -0.342 -9.662 -7.126 -10.712 -11.756 0.787 -0.387 0.717 -0.917 -2.668 -4.036 -6.332 -7.637 -8.795 -9.155 -10.768 -11.087 -12.438 -12.835 -13.143 -13.213 -13.199 -10.171 -13.52 -12.829 -13.23 -14.128 -14.171 -14.261 -13.759 -12.83 -11.3 -11.994 -11.684 -10.951
9.45 -9.163 -0.445 -9.665 -7.092 -10.718 -11.771 0.728 -0.407 0.443 -0.945 -3.433 -4.069 -6.243 -7.6 -8.751 -9.099 -10.784 -11.101 -12.391 -12.75 -13.04 -13.111 -13.112 -10.175 -13.461 -12.75 -13.135 -14.082 -14.146 -14.213 -13.711 -12.773 -11.321 -11.986 -11.501 -10.804
9.55 -9.139 0.037 -9.64 -7.034 -10.694 -11.709 0.792 -0.364 0.734 0.641 -2.717 -4.317 -6.279 -7.544 -8.698 -9.037 -10.812 -11.094 -12.383 -12.732 -13.031 -13.051 -13.022 -10.183 -13.455 -12.754 -13.052 -14.046 -14.088 -14.192 -13.695 -12.779 -11.229 -11.958 -11.548 -10.774
9.65 -9.087 -0.27 -9.588 -7.077 -10.637 -11.678 0.851 -0.31 0.782 -1.187 -1.057 -3.474 -6.35 -7.592 -8.724 -9.062 -10.706 -11.017 -12.276 -12.63 -12.908 -13.001 -13.007 -10.104 -13.436 -12.652 -13.018 -14.02 -14.071 -14.174 -13.658 -12.673 -11.357 -11.936 -11.651 -10.835
9.75 -9.143 -0.209 -9.644 -7.018 -10.7 -11.687 0.8 -0.345 0.748 -0.951 -2.75 -4.119 -6.144 -7.54 -8.813 -9.191 -10.774 -11.068 -12.253 -12.582 -12.844 -12.887 -12.852 -10.25 -13.395 -12.582 -12.89 -13.964 -14.034 -14.132 -13.602 -12.565 -11.193 -11.929 -11.55 -10.985
9.85 -9.059 0.079 -9.561 -6.795 -10.623 -11.606 0.899 -0.278 0.817 0.143 -0.985 -4.577 -5.999 -7.317 -8.623 -9.017 -10.734 -11.003 -12.209 -12.522 -12.784 -12.801 -12.766 -10.115 -13.365 -12.527 -12.795 -13.925 -13.982 -14.108 -13.589 -12.603 -11.065 -11.941 -11.449 -10.932
9.95 -9.048 -0.08 -9.549 -6.93 -10.601 -11.599 0.857 -0.279 0.81 -0.753 -3.128 -4.229 -6.431 -7.414 -8.514 -8.829 -10.765 -11.031 -12.105 -12.445 -12.709 -12.766 -12.74 -10.061 -13.366 -12.421 -12.78 -13.9 -13.955 -14.099 -13.568 -12.526 -11.086 -11.956 -11.451 -11.126
10.05 -8.979 0.147 -9.48 -6.936 -10.531 -11.467 0.962 -0.179 0.913 0.513 -2.314 -4.774 -6.237 -7.433 -8.545 -8.902 -10.695 -10.943 -12.04 -12.358 -12.617 -12.664 -12.645 -10.066 -13.308 -12.38 -12.671 -13.856 -13.916 -14.056 -13.523 -12.472 -10.945 -11.85 -11.563 -11.159
10.15 -9.01 0.096 -9.511 -6.943 -10.562 -11.477 0.91 -0.21 0.877 0.681 -3.461 -4.841 -6.288 -7.429 -8.594 -8.952 -10.751 -10.975 -11.964 -12.302 -12.574 -12.649 -12.659 -10.079 -13.289 -12.309 -12.671 -13.825 -13.883 -14.044 -13.509 -12.448 -11.005 -11.859 -11.364 -11.108
10.25 -8.984 0.269 -9.485 -6.906 -10.539 -11.447 0.962 -0.18 0.905 2.461 -2.39 -3.963 -6.248 -7.421 -8.661 -9.02 -10.686 -10.921 -11.96 -12.306 -12.577 -12.59 -12.526 -10.092 -13.249 -12.278 -12.576 -13.789 -13.848 -14.016 -13.463 -12.315 -10.949 -11.835 -11.577 -11.107
10.35 -8.923 0.158 -9.424 -6.861 -10.478 -11.399 1.024 -0.121 0.977 2.448 -2.792 -4.629 -6.236 -7.371 -8.616 -8.965 -10.619 -10.856 -11.897 -12.197 -12.459 -12.486 -12.468 -10.028 -13.246 -12.169 -12.514 -13.763 -13.797 -14.025 -13.479 -12.36 -10.832 -11.856 -11.517 -11.186
10.45 -8.958 0.301 -9.459 -6.981 -10.506 -11.385 1.026 -0.128 0.966 1.752 -2.94 -4.538 -6.296 -7.486 -8.642 -8.989 -10.678 -10.903 -11.861 -12.138 -12.379 -12.402 -12.383 -10.099 -13.208 -12.151 -12.406 -13.738 -13.796 -13.973 -13.426 -12.309 -10.863 -11.853 -11.479 -11.234
10.55 -8.917 0.341 -9.418 -7.004 -10.462 -11.325 1.015 -0.088 0.998 2.486 -2.568 -4.348 -6.315 -7.502 -8.601 -8.956 -10.637 -10.866 -11.727 -12.025 -12.27 -12.308 -12.304 -10.073 -13.206 -12.004 -12.335 -13.705 -13.758 -13.978 -13.428 -12.296 -10.958 -11.803 -11.449 -11.353
10.65 -8.971 0.31 -9.472 -6.937 -10.524 -11.346 0.999 -0.134 0.958 2.383 -2.865 -3.33 -5.996 -7.464 -8.679 -9.054 -10.733 -10.923 -11.751 -12.053 -12.302 -12.318 -12.256 -10.123 -13.2 -12.041 -12.318 -13.67 -13.692 -13.945 -13.389 -12.219 -10.865 -11.867 -11.382 -11.344
10.75 -8.913 0.431 -9.415 -6.878 -10.465 -11.295 1.126 -0.06 1.037 2.277 4.154 -3.948 -6.005 -7.407 -8.626 -8.984 -10.663 -10.857 -11.675 -11.948 -12.174 -12.221 -12.215 -10.13 -13.151 -11.936 -12.246 -13.635 -13.682 -13.89 -13.336 -12.173 -10.773 -11.803 -11.364 -11.377
10.85 -8.855 0.412 -9.357 -6.819 -10.408 -11.315 1.099 -0.046 1.052 2.485 -2.947 -4.38 -5.972 -7.325 -8.528 -8.889 -10.565 -10.82 -11.622 -11.912 -12.144 -12.179 -12.154 -9.972 -13.158 -11.892 -12.193 -13.621 -13.648 -13.899 -13.333 -12.132 -10.77 -11.825 -11.515 -11.452
10.95 -8.867 0.436 -9.369 -6.973 -10.413 -11.204 1.137 -0.021 1.075 2.492 -2.364 -4.45 -6.222 -7.484 -8.549 -8.899 -10.653 -10.832 -11.585 -11.85 -12.075 -12.1 -12.077 -10.043 -13.127 -11.853 -12.117 -13.587 -13.618 -13.876 -13.315 -12.139 -10.775 -11.794 -11.402 -11.348
11.05 -8.867 0.114 -9.368 -6.878 -10.415 -11.189 1.06 -0.037 1.053 2.428 -3.274 -3.873 -6.244 -7.373 -8.539 -8.887 -10.665 -10.837 -11.511 -11.759 -11.976 -11.996 -11.971 -9.979 -13.08 -11.757 -11.988 -13.533 -13.559 -13.841 -13.273 -12.053 -10.571 -11.71 -11.407 -11.387
11.15 -8.817 0.091 -9.318 -6.977 -10.353 -11.16 1.147 0.008 1.102 2.128 -3.099 -4.179 -6.123 -7.473 -8.508 -8.862 -10.593 -10.788 -11.444 -11.741 -11.981 -11.99 -11.934 -9.92 -13.093 -11.738 -11.956 -13.528 -13.529 -13.841 -13.264 -12.003 -10.47 -11.834 -11.452 -11.512
11.25 -8.834 0.319 -9.335 -6.994 -10.373 -11.135 1.207 0.027 1.12 2.47 -2.088 -4.028 -6.303 -7.498 -8.521 -8.853 -10.644 -10.808 -11.419 -11.663 -11.877 -11.899 -11.925 -10.016 -13.06 -11.642 -11.939 -13.492 -13.492 -13.827 -13.258 -12.034 -10.631 -11.59 -11.306 -11.464
11.35 -8.842 0.304 -9.343 -6.91 -10.387 -11.163 1.114 -0.0 1.097 2.471 -3.191 -4.112 -6.193 -7.412 -8.544 -8.887 -10.634 -10.81 -11.361 -11.592 -11.773 -11.804 -11.807 -10.008 -13.046 -11.549 -11.823 -13.452 -13.439 -13.784 -13.208 -11.927 -10.536 -11.737 -11.374 -11.557
11.45 -8.842 0.457 -9.344 -7.035 -10.379 -11.104 1.184 0.015 1.089 2.535 -1.927 -4.082 -6.435 -7.533 -8.576 -8.915 -10.648 -10.808 -11.328 -11.566 -11.779 -11.766 -11.743 -10.027 -12.988 -11.553 -11.766 -13.409 -13.398 -13.774 -13.198 -11.928 -10.351 -11.643 -11.136 -11.391
11.55 -8.819 0.502 -9.321 -6.765 -10.37 -11.15 1.185 0.022 1.111 2.532 -1.889 -3.698 -5.942 -7.286 -8.484 -8.848 -10.611 -10.794 -11.274 -11.504 -11.681 -11.726 -11.693 -9.992 -13.0 -11.449 -11.729 -13.393 -13.356 -13.733 -13.159 -11.909 -10.542 -11.614 -11.329 -11.542
11.65 -8.757 0.551 -9.259 -6.817 -10.304 -11.099 1.257 0.063 1.149 2.669 4.218 -3.121 -6.214 -7.326 -8.398 -8.718 -10.565 -10.75 -11.235 -11.466 -11.653 -11.659 -11.617 -9.898 -12.998 -11.438 -11.653 -13.376 -13.35 -13.738 -13.164 -11.909 -10.569 -11.626 -11.319 -11.498
11.75 -8.81 0.53 -9.311 -6.904 -10.353 -11.084 1.228 0.046 1.135 2.43 4.137 -3.612 -6.091 -7.419 -8.483 -8.83 -10.642 -10.795 -11.19 -11.401 -11.57 -11.602 -11.584 -9.992 -12.987 -11.374 -11.595 -13.354 -13.299 -13.704 -13.126 -11.847 -10.227 -11.74 -11.39 -11.628
11.85 -8.779 0.432 -9.28 -6.864 -10.321 -11.085 1.146 0.055 1.146 2.731 -2.82 -4.837 -6.094 -7.355 -8.445 -8.808 -10.584 -10.761 -11.18 -11.341 -11.48 -11.493 -11.521 -9.908 -12.952 -11.318 -11.543 -13.311 -13.277 -13.674 -13.094 -11.815 -10.185 -11.641 -11.367 -11.579
11.95 -8.751 0.557 -9.253 -6.867 -10.293 -11.096 1.231 0.064 1.165 2.683 4.758 -3.407 -6.293 -7.375 -8.429 -8.765 -10.523 -10.736 -11.179 -11.349 -11.509 -11.47 -11.457 -9.858 -12.943 -11.349 -11.479 -13.299 -13.233 -13.671 -13.084 -11.765 -10.31 -11.57 -11.257 -11.601
12.05 -8.712 0.626 -9.214 -6.768 -10.259 -11.052 1.304 0.103 1.207 2.664 4.738 -3.048 -6.014 -7.287 -8.365 -8.713 -10.493 -10.699 -11.129 -11.303 -11.469 -11.429 -11.427 -9.835 -12.923 -11.264 -11.466 -13.278 -13.226 -13.63 -13.036 -11.672 -10.346 -11.696 -11.138 -11.684
12.15 -8.685 0.552 -9.186 -6.832 -10.224 -11.029 1.238 0.142 1.234 2.729 -1.798 -4.496 -6.25 -7.325 -8.369 -8.697 -10.458 -10.662 -11.139 -11.284 -11.431 -11.407 -11.386 -9.8 -12.918 -11.302 -11.386 -13.252 -13.193 -13.621 -13.034 -11.713 -10.238 -11.563 -11.336 -11.613
12.25 -8.675 0.624 -9.176 -6.79 -10.213 -11.032 1.307 0.144 1.246 2.841 -1.909 -3.156 -5.886 -7.295 -8.308 -8.672 -10.457 -10.67 -11.079 -11.237 -11.386 -11.332 -11.33 -9.765 -12.93 -11.252 -11.329 -13.235 -13.151 -13.616 -13.03 -11.711 -10.327 -11.651 -11.274 -11.723
12.35 -8.696 0.508 -9.197 -6.792 -10.239 -10.965 1.227 0.144 1.231 2.702 -2.559 -3.522 -6.081 -7.294 -8.39 -8.735 -10.506 -10.675 -11.009 -11.158 -11.293 -11.283 -11.296 -9.831 -12.9 -11.145 -11.322 -13.21 -13.123 -13.611 -13.022 -11.693 -10.17 -11.593 -11.186 -11.679
12.45 -8.66 0.665 -9.162 -6.89 -10.192 -10.924 1.348 0.179 1.27 2.645 2.733 -3.232 -5.938 -7.4 -8.343 -8.69 -10.48 -10.649 -10.962 -11.139 -11.3 -11.277 -11.32 -9.766 -12.847 -11.169 -11.307 -13.177 -13.093 -13.562 -12.972 -11.625 -10.05 -11.499 -11.138 -11.681
12.55 -8.667 0.418 -9.168 -6.789 -10.208 -10.938 1.28 0.166 1.255 2.669 -2.946 -4.085 -6.131 -7.282 -8.306 -8.645 -10.505 -10.66 -10.939 -11.082 -11.198 -11.17 -11.157 -9.799 -12.849 -11.045 -11.172 -13.151 -13.024 -13.543 -12.96 -11.651 -10.237 -11.495 -11.195 -11.799
12.65 -8.639 0.494 -9.14 -6.734 -10.185 -10.988 1.321 0.17 1.272 2.825 -1.482 -4.293 -6.133 -7.242 -8.312 -8.65 -10.411 -10.625 -10.938 -11.058 -11.171 -11.135 -11.182 -9.735 -12.845 -11.057 -11.165 -13.138 -13.032 -13.52 -12.936 -11.627 -10.158 -11.517 -11.146 -11.873
12.75 -8.67 0.596 -9.171 -6.903 -10.203 -10.903 1.298 0.185 1.276 2.567 -1.062 -4.828 -6.158 -7.397 -8.435 -8.783 -10.48 -10.633 -10.895 -11.041 -11.185 -11.15 -11.208 -9.828 -12.83 -11.045 -11.207 -13.114 -12.989 -13.481 -12.909 -11.678 -10.173 -11.475 -11.215 -11.795
12.85 -8.634 0.552 -9.135 -6.855 -10.168 -10.913 1.306 0.196 1.292 2.741 -2.763 -3.908 -6.193 -7.344 -8.379 -8.717 -10.426 -10.607 -10.833 -11.014 -11.158 -11.209 -11.243 -9.746 -12.818 -10.981 -11.232 -13.096 -12.951 -13.497 -12.908 -11.57 -10.089 -11.521 -11.158 -11.804
12.95 -8.575 0.63 -9.077 -6.695 -10.116 -10.904 1.325 0.24 1.329 2.825 -2.541 -3.715 -6.037 -7.19 -8.253 -8.587 -10.367 -10.563 -10.875 -11.016 -11.13 -11.146 -11.164 -9.675 -12.801 -11.015 -11.128 -13.074 -12.947 -13.45 -12.868 -11.572 -10.185 -11.564 -11.145 -11.74
13.05 -8.577 0.743 -9.078 -6.756 -10.111 -10.854 1.422 0.259 1.354 2.815 0.608 -2.512 -5.972 -7.259 -8.246 -8.591 -10.393 -10.573 -10.788 -10.939 -11.052 -11.118 -11.22 -9.725 -12.766 -10.933 -11.187 -13.054 -12.934 -13.45 -12.858 -11.499 -9.984 -11.418 -11.141 -11.737
13.15 -8.559 0.738 -9.06 -6.7 -10.097 -10.863 1.416 0.258 1.359 2.841 -1.531 -3.804 -5.95 -7.206 -8.237 -8.591 -10.356 -10.55 -10.804 -10.929 -11.035 -11.028 -11.079 -9.642 -12.769 -10.924 -11.055 -13.033 -12.904 -13.434 -12.833 -11.423 -10.024 -11.476 -11.112 -11.763
13.25 -8.539 0.608 -9.04 -6.722 -10.074 -10.808 1.321 0.286 1.369 2.888 -2.916 -4.165 -5.957 -7.202 -8.194 -8.549 -10.367 -10.538 -10.757 -10.896 -11.032 -11.037 -11.09 -9.653 -12.742 -10.88 -11.07 -13.022 -12.915 -13.424 -12.83 -11.466 -9.991 -11.416 -11.025 -11.744
13.35 -8.525 0.777 -9.026 -6.695 -10.061 -10.811 1.486 0.302 1.391 2.91 1.707 -3.858 -6.031 -7.199 -8.217 -8.553 -10.33 -10.511 -10.745 -10.906 -11.036 -11.032 -11.035 -9.615 -12.73 -10.865 -11.034 -13.001 -12.878 -13.4 -12.808 -11.456 -9.884 -11.469 -11.041 -11.822
13.45 -8.513 0.664 -9.015 -6.696 -10.051 -10.797 1.374 0.323 1.411 2.84 -3.151 -4.754 -6.059 -7.178 -8.233 -8.569 -10.311 -10.492 -10.662 -10.811 -10.9 -10.958 -11.037 -9.653 -12.716 -10.737 -11.02 -12.97 -12.85 -13.377 -12.781 -11.408 -10.031 -11.38 -11.026 -11.781
13.55 -8.524 0.756 -9.025 -6.789 -10.052 -10.789 1.419 0.323 1.419 2.847 -2.313 -3.689 -5.821 -7.294 -8.338 -8.718 -10.279 -10.478 -10.638 -10.8 -10.907 -10.968 -11.007 -9.662 -12.735 -10.772 -10.973 -12.975 -12.826 -13.364 -12.787 -11.532 -9.942 -11.495 -11.127 -11.827
13.65 -8.458 0.755 -8.959 -6.731 -9.986 -10.76 1.441 0.366 1.45 3.151 -3.106 -4.531 -6.152 -7.209 -8.129 -8.473 -10.237 -10.448 -10.588 -10.79 -10.93 -11.011 -11.064 -9.562 -12.712 -10.742 -11.033 -12.965 -12.825 -13.36 -12.769 -11.429 -9.932 -11.504 -11.093 -11.815
13.75 -8.492 0.814 -8.993 -6.709 -10.026 -10.741 1.519 0.353 1.442 2.879 0.592 -3.72 -6.048 -7.212 -8.243 -8.588 -10.293 -10.462 -10.659 -10.802 -10.916 -10.928 -10.958 -9.645 -12.698 -10.786 -10.945 -12.931 -12.747 -13.346 -12.759 -11.436 -9.894 -11.493 -11.075 -11.836
13.85 -8.412 0.807 -8.913 -6.632 -9.947 -10.707 1.527 0.413 1.511 3.038 -2.485 -4.469 -6.119 -7.108 -8.023 -8.331 -10.245 -10.423 -10.604 -10.76 -10.869 -10.926 -10.97 -9.536 -12.662 -10.699 -10.959 -12.924 -12.753 -13.303 -12.728 -11.467 -9.974 -11.384 -11.094 -11.698
13.95 -8.445 0.868 -8.946 -6.672 -9.978 -10.684 1.567 0.398 1.485 3.018 3.989 -3.406 -5.912 -7.178 -8.183 -8.532 -10.257 -10.429 -10.585 -10.745 -10.859 -10.895 -10.949 -9.577 -12.665 -10.708 -10.943 -12.9 -12.71 -13.301 -12.718 -11.402 -10.112 -11.401 -11.09 -11.87
14.05 -8.42 0.869 -8.92 -6.818 -9.939 -10.674 1.565 0.434 1.523 2.979 -1.449 -3.898 -6.195 -7.31 -8.246 -8.568 -10.179 -10.371 -10.573 -10.708 -10.824 -10.879 -10.936 -9.563 -12.68 -10.652 -10.908 -12.898 -12.717 -13.274 -12.693 -11.394 -10.122 -11.469 -11.106 -11.894
14.15 -8.361 0.944 -8.862 -6.602 -9.895 -10.653 1.638 0.452 1.553 3.169 4.079 -3.546 -5.879 -7.104 -8.066 -8.409 -10.159 -10.342 -10.527 -10.68 -10.804 -10.818 -10.865 -9.42 -12.633 -10.644 -10.866 -12.861 -12.705 -13.255 -12.675 -11.386 -9.833 -11.292 -11.068 -11.828
14.25 -8.428 0.793 -8.929 -6.828 -9.947 -10.669 1.549 0.407 1.498 3.098 -1.657 -3.526 -6.264 -7.314 -8.2 -8.508 -10.223 -10.402 -10.498 -10.65 -10.75 -10.763 -10.761 -9.513 -12.644 -10.591 -10.766 -12.838 -12.657 -13.223 -12.643 -11.351 -9.951 -11.36 -11.033 -11.901
14.35 -8.411 0.765 -8.912 -6.673 -9.94 -10.665 1.544 0.421 1.512 2.998 -2.247 -3.762 -5.871 -7.161 -8.123 -8.476 -10.221 -10.401 -10.483 -10.665 -10.791 -10.814 -10.868 -9.519 -12.627 -10.648 -10.854 -12.841 -12.653 -13.206 -12.633 -11.393 -9.887 -11.303 -11.093 -11.932
14.45 -8.331 0.993 -8.832 -6.655 -9.856 -10.582 1.681 0.519 1.608 3.064 2.852 -2.771 -5.82 -7.161 -8.128 -8.485 -10.116 -10.285 -10.463 -10.605 -10.69 -10.759 -10.806 -9.445 -12.62 -10.601 -10.763 -12.818 -12.616 -13.22 -12.636 -11.339 -9.905 -11.407 -10.936 -11.878
14.55 -8.334 0.838 -8.835 -6.86 -9.84 -10.561 1.616 0.523 1.606 2.954 -2.038 -3.541 -6.185 -7.34 -8.204 -8.525 -10.094 -10.275 -10.409 -10.566 -10.664 -10.725 -10.802 -9.456 -12.599 -10.513 -10.776 -12.808 -12.615 -13.211 -12.614 -11.231 -9.848 -11.288 -11.037 -11.907
14.65 -8.296 0.931 -8.797 -6.612 -9.821 -10.57 1.645 0.538 1.637 3.041 -2.515 -3.62 -5.728 -7.104 -8.036 -8.381 -10.088 -10.279 -10.407 -10.537 -10.657 -10.679 -10.762 -9.44 -12.587 -10.505 -10.731 -12.779 -12.567 -13.166 -12.585 -11.308 -9.804 -11.298 -10.99 -11.953
14.75 -8.288 0.962 -8.789 -6.535 -9.82 -10.565 1.632 0.542 1.637 3.146 -1.268 -3.689 -5.864 -7.026 -8.005 -8.344 -10.09 -10.273 -10.367 -10.54 -10.653 -10.676 -10.686 -9.408 -12.576 -10.45 -10.692 -12.774 -12.563 -13.168 -12.58 -11.243 -9.668 -11.374 -11.025 -11.91
14.85 -8.276 0.867 -8.778 -6.564 -9.802 -10.565 1.61 0.555 1.647 3.177 -2.924 -3.792 -5.968 -7.046 -8.021 -8.348 -10.05 -10.249 -10.346 -10.488 -10.585 -10.641 -10.751 -9.422 -12.563 -10.425 -10.699 -12.759 -12.532 -13.14 -12.555 -11.229 -9.848 -11.277 -11.081 -11.934
14.95 -8.214 0.83 -8.715 -6.531 -9.74 -10.485 1.7 0.621 1.714 3.186 -2.539 -4.0 -5.778 -7.022 -7.93 -8.262 -10.017 -10.198 -10.317 -10.469 -10.575 -10.621 -10.69 -9.326 -12.538 -10.448 -10.652 -12.724 -12.511 -13.115 -12.539 -11.264 -9.796 -11.277 -10.934 -11.937
15.05 -8.213 0.833 -8.714 -6.528 -9.74 -10.516 1.709 0.61 1.712 3.217 -2.425 -3.717 -5.846 -7.014 -8.006 -8.333 -9.966 -10.179 -10.274 -10.469 -10.605 -10.63 -10.661 -9.312 -12.536 -10.388 -10.669 -12.718 -12.508 -13.114 -12.537 -11.27 -9.634 -11.295 -10.884 -11.931
15.15 -8.193 0.901 -8.694 -6.432 -9.726 -10.439 1.724 0.655 1.747 3.365 -2.709 -3.885 -5.659 -6.927 -7.924 -8.301 -9.981 -10.165 -10.318 -10.477 -10.595 -10.557 -10.597 -9.337 -12.527 -10.452 -10.576 -12.711 -12.481 -13.09 -12.503 -11.179 -9.665 -11.313 -10.953 -11.916
15.25 -8.184 1.058 -8.685 -6.524 -9.709 -10.402 1.735 0.668 1.753 3.31 -1.554 -4.115 -5.815 -7.017 -7.957 -8.311 -9.973 -10.145 -10.238 -10.412 -10.521 -10.566 -10.635 -9.315 -12.503 -10.361 -10.617 -12.686 -12.447 -13.076 -12.492 -11.196 -9.686 -11.272 -10.951 -11.877
15.35 -8.187 1.066 -8.687 -6.679 -9.696 -10.437 1.774 0.657 1.748 3.218 -1.16 -4.25 -6.157 -7.158 -7.987 -8.303 -9.962 -10.144 -10.241 -10.415 -10.534 -10.582 -10.64 -9.297 -12.502 -10.33 -10.616 -12.673 -12.435 -13.046 -12.464 -11.178 -9.777 -11.221 -11.005 -11.907
15.45 -8.144 0.943 -8.644 -6.609 -9.655 -10.393 1.699 0.697 1.792 3.307 -2.962 -4.02 -6.059 -7.08 -7.946 -8.264 -9.906 -10.098 -10.171 -10.37 -10.493 -10.514 -10.491 -9.26 -12.459 -10.328 -10.484 -12.642 -12.391 -13.013 -12.427 -11.114 -9.65 -11.242 -10.937 -11.983
15.55 -8.122 1.008 -8.622 -6.535 -9.639 -10.38 1.735 0.721 1.801 3.369 -2.606 -4.196 -5.953 -7.013 -7.936 -8.261 -9.885 -10.077 -10.225 -10.352 -10.453 -10.447 -10.511 -9.244 -12.479 -10.312 -10.478 -12.646 -12.415 -13.044 -12.454 -11.122 -9.633 -11.278 -10.967 -11.927
15.65 -8.127 0.95 -8.627 -6.615 -9.638 -10.359 1.739 0.721 1.803 3.339 -2.512 -4.534 -5.94 -7.088 -7.93 -8.263 -9.901 -10.078 -10.207 -10.348 -10.455 -10.501 -10.567 -9.239 -12.459 -10.288 -10.558 -12.63 -12.364 -13.018 -12.434 -11.122 -9.544 -11.214 -10.973 -11.911
15.75 -8.088 1.107 -8.588 -6.593 -9.597 -10.406 1.784 0.731 1.826 3.456 -1.919 -3.84 -5.997 -7.081 -7.981 -8.307 -9.753 -10.017 -10.198 -10.368 -10.488 -10.486 -10.514 -9.112 -12.453 -10.303 -10.498 -12.618 -12.367 -13.003 -12.424 -11.135 -9.747 -11.298 -10.847 -11.917
15.85 -8.085 1.132 -8.586 -6.566 -9.596 -10.319 1.83 0.763 1.85 3.449 -2.569 -3.854 -5.975 -7.043 -7.92 -8.242 -9.842 -10.027 -10.137 -10.287 -10.406 -10.404 -10.477 -9.195 -12.422 -10.254 -10.451 -12.597 -12.36 -12.967 -12.382 -11.062 -9.507 -11.255 -10.854 -11.938
15.95 -8.047 1.246 -8.547 -6.421 -9.567 -10.33 1.937 0.787 1.883 3.37 2.94 -3.431 -5.756 -6.914 -7.852 -8.177 -9.797 -10.011 -10.152 -10.262 -10.367 -10.362 -10.479 -9.158 -12.418 -10.227 -10.433 -12.579 -12.306 -12.983 -12.398 -11.076 -9.431 -11.228 -10.887 -11.941
16.05 -8.031 1.183 -8.532 -6.417 -9.551 -10.285 1.894 0.812 1.9 3.391 -1.245 -3.862 -5.737 -6.908 -7.842 -8.184 -9.794 -9.987 -10.116 -10.252 -10.349 -10.375 -10.457 -9.131 -12.404 -10.218 -10.435 -12.566 -12.294 -12.976 -12.389 -11.066 -9.623 -11.112 -10.813 -11.929
16.15 -7.976 1.199 -8.476 -6.482 -9.484 -10.228 1.888 0.869 1.956 3.441 -2.141 -4.327 -5.883 -6.954 -7.826 -8.144 -9.712 -9.923 -10.055 -10.186 -10.31 -10.357 -10.453 -9.091 -12.386 -10.191 -10.423 -12.539 -12.269 -12.933 -12.352 -11.065 -9.536 -11.173 -10.869 -11.862
16.25 -8.037 1.181 -8.537 -6.602 -9.538 -10.257 1.895 0.815 1.9 3.359 -0.993 -3.908 -6.036 -7.079 -7.879 -8.195 -9.801 -9.984 -10.053 -10.207 -10.337 -10.348 -10.427 -9.129 -12.4 -10.16 -10.398 -12.543 -12.235 -12.928 -12.345 -11.052 -9.722 -11.165 -10.878 -11.965
16.35 -7.998 1.19 -8.498 -6.455 -9.512 -10.282 1.877 0.831 1.924 3.467 -2.461 -4.158 -5.903 -6.926 -7.757 -8.065 -9.764 -9.975 -9.986 -10.177 -10.295 -10.373 -10.438 -9.113 -12.383 -10.076 -10.417 -12.526 -12.23 -12.879 -12.296 -11.006 -9.604 -11.274 -10.832 -11.978
16.45 -7.949 1.342 -8.449 -6.486 -9.451 -10.219 2.018 0.876 1.97 3.46 3.715 -3.067 -5.878 -6.968 -7.75 -8.053 -9.708 -9.913 -9.961 -10.115 -10.217 -10.308 -10.42 -9.005 -12.385 -10.083 -10.365 -12.518 -12.225 -12.913 -12.332 -11.029 -9.674 -11.195 -10.83 -11.946
16.55 -7.926 1.253 -8.426 -6.484 -9.432 -10.146 1.979 0.92 2.015 3.634 -1.816 -3.807 -5.804 -6.97 -7.792 -8.134 -9.669 -9.864 -9.954 -10.148 -10.282 -10.303 -10.371 -9.024 -12.367 -10.119 -10.355 -12.498 -12.182 -12.89 -12.3 -10.964 -9.62 -11.287 -10.897 -11.885
16.65 -7.923 1.269 -8.422 -6.637 -9.409 -10.183 1.949 0.938 2.019 3.51 -2.396 -3.749 -6.058 -7.107 -7.885 -8.201 -9.595 -9.822 -9.928 -10.083 -10.178 -10.263 -10.447 -9.012 -12.349 -10.015 -10.394 -12.482 -12.174 -12.873 -12.295 -11.023 -9.459 -11.19 -10.796 -11.944
16.75 -7.929 1.332 -8.429 -6.485 -9.432 -10.137 2.026 0.928 2.009 3.489 3.974 -3.706 -5.956 -6.967 -7.794 -8.105 -9.687 -9.866 -9.874 -10.104 -10.245 -10.303 -10.322 -9.051 -12.33 -10.047 -10.283 -12.473 -12.188 -12.86 -12.266 -10.885 -9.469 -11.216 -10.783 -11.916
16.85 -7.915 1.314 -8.415 -6.509 -9.418 -10.16 2.007 0.941 2.026 3.651 -1.988 -3.189 -5.825 -6.995 -7.784 -8.118 -9.635 -9.853 -9.903 -10.086 -10.2 -10.258 -10.311 -9.04 -12.329 -9.997 -10.307 -12.456 -12.161 -12.84 -12.26 -10.975 -9.423 -11.094 -10.798 -11.988
16.95 -7.896 1.221 -8.396 -6.524 -9.389 -10.111 1.908 0.954 2.033 3.607 -2.811 -4.231 -5.945 -6.989 -7.772 -8.079 -9.638 -9.83 -9.92 -10.033 -10.125 -10.186 -10.294 -8.986 -12.342 -10.037 -10.226 -12.469 -12.179 -12.837 -12.253 -10.941 -9.545 -11.219 -10.778 -12.047
17.05 -7.837 1.419 -8.336 -6.457 -9.336 -10.016 2.128 1.033 2.108 3.538 3.098 -3.567 -6.033 -6.935 -7.7 -7.984 -9.606 -9.774 -9.794 -10.017 -10.159 -10.221 -10.3 -8.978 -12.317 -9.94 -10.275 -12.448 -12.122 -12.839 -12.255 -10.939 -9.442 -11.226 -10.806 -11.954
17.15 -7.851 1.312 -8.351 -6.424 -9.354 -10.089 2.077 0.993 2.082 3.574 -1.271 -3.538 -5.914 -6.901 -7.738 -8.031 -9.594 -9.785 -9.815 -9.976 -10.065 -10.136 -10.267 -8.933 -12.297 -9.888 -10.222 -12.416 -12.099 -12.785 -12.221 -11.033 -9.295 -11.103 -10.834 -11.917
17.25 -7.866 1.429 -8.366 -6.51 -9.359 -9.999 2.111 1.014 2.092 3.515 4.411 -3.267 -5.974 -6.997 -7.865 -8.176 -9.597 -9.763 -9.738 -9.915 -10.033 -10.079 -10.218 -9.006 -12.281 -9.9 -10.174 -12.396 -12.098 -12.777 -12.198 -10.925 -9.529 -11.115 -10.703 -11.972
17.35 -7.847 1.319 -8.346 -6.611 -9.327 -9.961 2.049 1.044 2.112 3.557 -1.647 -4.117 -6.002 -7.085 -7.829 -8.14 -9.588 -9.749 -9.779 -9.981 -10.129 -10.112 -10.165 -8.99 -12.256 -9.952 -10.149 -12.374 -12.041 -12.742 -12.165 -10.894 -9.482 -11.095 -10.671 -11.978
17.45 -7.794 1.425 -8.294 -6.43 -9.29 -9.974 2.122 1.067 2.147 3.774 -1.517 -3.782 -5.9 -6.907 -7.719 -8.042 -9.525 -9.713 -9.695 -9.918 -10.067 -10.129 -10.19 -8.895 -12.29 -9.832 -10.19 -12.384 -12.026 -12.768 -12.195 -10.952 -9.448 -11.105 -10.828 -11.958
17.55 -7.785 1.409 -8.285 -6.367 -9.284 -9.919 2.181 1.096 2.167 3.649 -1.372 -3.625 -5.653 -6.849 -7.701 -8.033 -9.568 -9.711 -9.736 -9.903 -10.047 -10.064 -10.192 -8.941 -12.272 -9.853 -10.14 -12.376 -12.031 -12.754 -12.191 -10.994 -9.457 -11.18 -10.663 -11.93
17.65 -7.736 1.464 -8.236 -6.306 -9.24 -9.949 2.18 1.115 2.201 3.755 -1.067 -3.859 -5.777 -6.784 -7.596 -7.896 -9.493 -9.682 -9.663 -9.845 -9.968 -10.056 -10.196 -8.866 -12.23 -9.783 -10.147 -12.337 -12.009 -12.715 -12.144 -10.905 -9.355 -11.067 -10.635 -11.921
17.75 -7.714 1.573 -8.214 -6.393 -9.2 -9.889 2.262 1.144 2.222 3.827 5.488 -1.328 -5.801 -6.874 -7.637 -7.949 -9.459 -9.63 -9.717 -9.88 -10.018 -10.074 -10.193 -8.816 -12.224 -9.849 -10.154 -12.337 -11.999 -12.693 -12.119 -10.869 -9.448 -11.046 -10.785 -11.949
17.85 -7.708 1.547 -8.208 -6.418 -9.191 -9.916 2.248 1.158 2.232 3.756 -0.011 -3.661 -5.832 -6.895 -7.667 -7.974 -9.417 -9.616 -9.711 -9.883 -10.012 -10.031 -10.136 -8.791 -12.229 -9.801 -10.12 -12.328 -11.963 -12.717 -12.139 -10.865 -9.389 -11.059 -10.815 -11.924
17.95 -7.689 1.579 -8.189 -6.324 -9.185 -9.902 2.25 1.159 2.247 3.666 2.174 -2.75 -5.786 -6.8 -7.593 -7.885 -9.428 -9.625 -9.595 -9.801 -9.937 -10.026 -10.127 -8.781 -12.202 -9.74 -10.091 -12.301 -11.946 -12.67 -12.105 -10.902 -9.327 -11.113 -10.711 -11.923
18.05 -7.626 1.475 -8.125 -6.283 -9.117 -9.874 2.208 1.215 2.304 3.89 -2.097 -4.292 -5.746 -6.75 -7.507 -7.819 -9.335 -9.554 -9.583 -9.789 -9.912 -10.002 -10.114 -8.702 -12.212 -9.735 -10.072 -12.306 -11.953 -12.668 -12.091 -10.816 -9.434 -11.086 -10.782 -11.998
18.15 -7.667 1.41 -8.166 -6.498 -9.138 -9.792 2.185 1.221 2.285 3.772 -2.174 -3.776 -6.017 -6.96 -7.657 -7.934 -9.406 -9.565 -9.566 -9.729 -9.841 -9.938 -10.1 -8.796 -12.188 -9.676 -10.037 -12.282 -11.922 -12.669 -12.086 -10.791 -9.201 -11.071 -10.782 -11.887
18.25 -7.64 1.592 -8.139 -6.427 -9.117 -9.808 2.305 1.243 2.325 3.796 -1.016 -3.251 -5.936 -6.904 -7.671 -7.967 -9.325 -9.523 -9.562 -9.771 -9.917 -9.977 -10.099 -8.797 -12.175 -9.699 -10.044 -12.273 -11.91 -12.627 -12.054 -10.818 -9.442 -11.048 -10.654 -11.977
18.35 -7.609 1.547 -8.107 -6.517 -9.068 -9.772 2.258 1.28 2.342 3.914 -1.75 -4.035 -6.002 -6.983 -7.638 -7.931 -9.279 -9.475 -9.544 -9.765 -9.91 -9.968 -10.049 -8.736 -12.179 -9.688 -10.031 -12.274 -11.89 -12.638 -12.08 -10.908 -9.477 -11.006 -10.748 -11.933
18.45 -7.589 1.672 -8.089 -6.358 -9.072 -9.693 2.394 1.318 2.384 3.956 -0.473 -3.271 -5.862 -6.836 -7.579 -7.883 -9.32 -9.481 -9.573 -9.745 -9.895 -9.928 -10.034 -8.776 -12.158 -9.711 -10.001 -12.245 -11.856 -12.609 -12.028 -10.74 -9.275 -11.052 -10.71 -11.977
18.55 -7.585 1.609 -8.084 -6.338 -9.064 -9.722 2.308 1.308 2.375 3.872 -1.791 -3.707 -5.811 -6.81 -7.647 -7.962 -9.265 -9.448 -9.502 -9.635 -9.733 -9.812 -9.987 -8.728 -12.17 -9.602 -9.897 -12.249 -11.83 -12.614 -12.044 -10.812 -9.387 -11.031 -10.714 -11.976
18.65 -7.554 1.608 -8.052 -6.435 -9.018 -9.718 2.318 1.341 2.398 3.939 -2.113 -3.473 -6.056 -6.899 -7.609 -7.862 -9.219 -9.425 -9.519 -9.695 -9.817 -9.903 -10.068 -8.674 -12.133 -9.638 -10.005 -12.225 -11.83 -12.599 -12.028 -10.793 -9.248 -11.005 -10.678 -11.888
18.75 -7.537 1.705 -8.036 -6.371 -9.002 -9.733 2.389 1.323 2.399 3.912 -0.676 -2.378 -5.75 -6.847 -7.557 -7.862 -9.211 -9.412 -9.513 -9.66 -9.758 -9.822 -9.987 -8.594 -12.148 -9.607 -9.937 -12.224 -11.856 -12.575 -11.997 -10.724 -9.232 -11.066 -10.654 -11.979
18.85 -7.508 1.655 -8.007 -6.431 -8.963 -9.602 2.381 1.386 2.453 3.893 -1.806 -3.34 -5.957 -6.892 -7.536 -7.794 -9.242 -9.397 -9.389 -9.624 -9.798 -9.831 -9.906 -8.619 -12.134 -9.572 -9.884 -12.215 -11.833 -12.573 -11.993 -10.705 -9.293 -11.047 -10.72 -11.993
18.95 -7.51 1.52 -8.009 -6.338 -8.982 -9.659 2.347 1.384 2.455 3.823 -1.925 -3.906 -5.934 -6.801 -7.56 -7.843 -9.192 -9.379 -9.392 -9.567 -9.684 -9.798 -9.961 -8.672 -12.119 -9.476 -9.942 -12.193 -11.769 -12.548 -11.974 -10.716 -9.475 -10.935 -10.726 -11.961
19.05 -7.474 1.649 -7.973 -6.271 -8.948 -9.658 2.424 1.395 2.475 4.094 -1.392 -3.341 -5.645 -6.744 -7.437 -7.756 -9.18 -9.379 -9.413 -9.595 -9.718 -9.816 -9.945 -8.585 -12.091 -9.561 -9.897 -12.171 -11.785 -12.54 -11.97 -10.741 -9.253 -10.91 -10.639 -11.913
19.15 -7.433 1.794 -7.931 -6.306 -8.894 -9.574 2.51 1.458 2.528 3.96 4.454 -3.941 -5.862 -6.775 -7.436 -7.705 -9.145 -9.32 -9.304 -9.564 -9.708 -9.81 -9.915 -8.587 -12.111 -9.498 -9.886 -12.184 -11.774 -12.526 -11.957 -10.734 -9.227 -11.021 -10.725 -11.974
19.25 -7.457 1.791 -7.955 -6.329 -8.924 -9.596 2.506 1.457 2.538 3.876 -0.865 -3.534 -5.793 -6.805 -7.547 -7.845 -9.122 -9.31 -9.399 -9.558 -9.694 -9.744 -9.874 -8.628 -12.074 -9.522 -9.825 -12.16 -11.746 -12.527 -11.956 -10.726 -9.235 -10.878 -10.637 -11.931
19.35 -7.368 1.862 -7.866 -6.315 -8.819 -9.529 2.576 1.521 2.589 4.188 3.516 -3.428 -5.794 -6.786 -7.414 -7.699 -9.031 -9.228 -9.294 -9.543 -9.702 -9.77 -9.874 -8.48 -12.051 -9.467 -9.842 -12.126 -11.699 -12.502 -11.922 -10.635 -9.189 -10.985 -10.58 -11.89
19.45 -7.379 1.853 -7.877 -6.285 -8.834 -9.554 2.553 1.507 2.595 4.032 -1.278 -3.005 -5.65 -6.756 -7.447 -7.758 -9.036 -9.238 -9.315 -9.523 -9.652 -9.757 -9.951 -8.489 -12.073 -9.472 -9.907 -12.143 -11.715 -12.491 -11.917 -10.656 -9.28 -10.949 -10.655 -11.944
19.55 -7.409 1.742 -7.907 -6.296 -8.871 -9.552 2.487 1.499 2.557 4.085 -1.352 -3.148 -5.729 -6.775 -7.519 -7.837 -9.045 -9.242 -9.336 -9.506 -9.605 -9.743 -9.921 -8.549 -12.067 -9.459 -9.839 -12.135 -11.702 -12.486 -11.916 -10.688 -9.237 -10.969 -10.738 -11.884
19.65 -7.329 1.82 -7.826 -6.375 -8.763 -9.476 2.538 1.563 2.622 4.237 -0.595 -3.757 -5.874 -6.843 -7.43 -7.704 -8.957 -9.173 -9.206 -9.411 -9.556 -9.621 -9.789 -8.397 -12.039 -9.392 -9.73 -12.11 -11.688 -12.466 -11.887 -10.607 -9.169 -10.936 -10.606 -11.915
19.75 -7.326 1.838 -7.824 -6.328 -8.768 -9.426 2.566 1.591 2.642 4.096 -1.544 -3.568 -5.813 -6.793 -7.456 -7.747 -8.981 -9.157 -9.217 -9.428 -9.575 -9.675 -9.854 -8.453 -12.042 -9.405 -9.798 -12.103 -11.677 -12.465 -11.887 -10.616 -9.199 -11.043 -10.613 -11.873
19.85 -7.362 1.783 -7.86 -6.345 -8.809 -9.488 2.481 1.547 2.604 4.241 -1.745 -2.908 -5.821 -6.812 -7.487 -7.791 -8.971 -9.18 -9.242 -9.478 -9.608 -9.726 -9.838 -8.482 -12.037 -9.377 -9.803 -12.092 -11.654 -12.437 -11.865 -10.622 -9.184 -11.004 -10.61 -11.931
19.95 -7.247 1.887 -7.745 -6.238 -8.695 -9.452 2.618 1.641 2.703 4.316 -1.749 -3.345 -5.76 -6.701 -7.355 -7.63 -8.853 -9.09 -9.219 -9.391 -9.528 -9.583 -9.78 -8.338 -12.033 -9.318 -9.707 -12.083 -11.623 -12.436 -11.865 -10.633 -9.198 -11.017 -10.61 -11.899
20.05 -7.224 1.965 -7.722 -6.24 -8.663 -9.355 2.661 1.673 2.732 4.334 -1.273 -2.761 -5.624 -6.707 -7.327 -7.625 -8.86 -9.068 -9.171 -9.394 -9.571 -9.622 -9.797 -8.328 -12.014 -9.338 -9.765 -12.076 -11.596 -12.448 -11.873 -10.611 -9.158 -10.917 -10.646 -11.907
20.15 -7.134 2.105 -7.632 -6.196 -8.565 -9.177 2.856 1.822 2.881 4.199 -0.638 -3.154 -5.542 -6.67 -7.362 -7.667 -8.766 -8.922 -9.025 -9.206 -9.35 -9.427 -9.63 -8.325 -11.877 -9.178 -9.56 -11.938 -11.49 -12.286 -11.701 -10.387 -8.995 -10.863 -10.421 -11.78
20.25 -6.76 2.282 -7.256 -5.948 -8.166 -8.727 3.062 2.205 3.242 4.672 -1.818 -2.962 -5.322 -6.408 -6.993 -7.296 -8.408 -8.521 -8.67 -8.865 -9.005 -9.022 -9.176 -7.912 -11.584 -8.857 -9.123 -11.637 -11.18 -11.96 -11.384 -10.12 -8.803 -10.601 -10.175 -11.582
20.35 -6.445 2.63 -6.941 -5.795 -7.819 -8.463 3.363 2.514 3.536 5.161 -1.292 -2.847 -5.389 -6.247 -6.757 -6.997 -7.95 -8.174 -8.235 -8.419 -8.565 -8.627 -8.849 -7.566 -11.314 -8.456 -8.72 -11.339 -10.85 -11.68 -11.087 -9.717 -8.408 -10.412 -9.746 -11.384
20.45 -6.004 3.027 -6.499 -5.444 -7.358 -7.831 3.814 3.005 4.013 5.608 -0.876 -3.078 -5.051 -5.894 -6.378 -6.632 -7.547 -7.688 -7.74 -8.021 -8.26 -8.269 -8.54 -7.175 -11.004 -8.113 -8.434 -11.015 -10.46 -11.332 -10.757 -9.507 -7.842 -10.088 -9.333 -11.141
20.55 -5.705 3.559 -6.199 -5.28 -7.013 -7.314 4.338 3.362 4.37 5.732 6.518 4.262 -4.81 -5.736 -6.148 -6.349 -7.328 -7.372 -7.296 -7.529 -7.774 -7.856 -8.1 -6.842 -10.648 -7.611 -8.024 -10.668 -10.189 -10.958 -10.352 -8.897 -7.578 -9.794 -9.021 -10.873
20.65 -5.255 3.77 -5.746 -4.98 -6.518 -6.856 4.601 3.862 4.812 6.818 -0.563 -1.823 -4.621 -5.43 -5.83 -6.044 -6.638 -6.779 -6.67 -7.046 -7.323 -7.35 -7.395 -6.451 -10.319 -7.046 -7.4 -10.309 -9.782 -10.595 -10.011 -8.714 -7.143 -9.358 -8.791 -10.533
20.75 -4.687 4.376 -5.175 -4.736 -5.784 -5.884 5.251 4.556 5.458 6.953 2.998 -1.053 -4.381 -5.183 -5.521 -5.686 -5.809 -5.895 -6.013 -6.349 -6.646 -6.617 -6.801 -5.824 -9.864 -6.55 -6.719 -9.884 -9.414 -10.084 -9.475 -7.999 -6.732 -8.876 -8.423 -10.237
20.85 -4.27 4.856 -4.758 -4.322 -5.336 -5.44 5.745 4.971 5.865 7.036 7.309 6.642 -3.934 -4.759 -4.946 -5.015 -5.767 -5.738 -5.056 -5.568 -5.864 -5.885 -6.138 -5.464 -9.388 -5.611 -6.05 -9.364 -8.945 -9.558 -8.919 -7.202 -6.571 -8.728 -7.658 -9.804
20.95 -4.038 5.015 -4.522 -4.31 -4.966 -5.085 5.894 5.237 6.054 7.584 7.682 8.035 -4.128 -4.745 -4.887 -4.863 -5.237 -5.248 -4.749 -5.371 -5.761 -5.46 -5.167 -5.045 -8.962 -5.369 -5.229 -9.001 -8.674 -9.087 -8.468 -6.952 -5.78 -8.166 -7.27 -9.503
21.05 -4.046 4.862 -4.527 -4.441 -4.869 -4.652 5.804 5.325 6.097 7.965 6.951 -1.816 -4.228 -4.875 -4.964 -4.981 -5.089 -5.048 -4.214 -4.557 -4.801 -4.974 -5.147 -5.013 -8.524 -4.188 -5.035 -8.526 -8.079 -8.686 -8.02 -6.068 -5.654 -7.873 -6.825 -8.985
21.15 -3.529 5.507 -4.016 -3.656 -4.542 -3.849 6.442 5.911 6.717 8.277 6.573 -1.09 -2.964 -4.104 -4.424 -4.717 -4.71 -4.611 -3.758 -4.077 -4.231 -4.302 -4.816 -4.731 -8.004 -4.245 -4.472 -8.112 -7.863 -8.176 -7.498 -5.359 -5.753 -7.418 -6.894 -8.151
21.25 -3.763 5.303 -4.248 -3.979 -4.734 -3.968 6.336 5.648 6.438 7.955 7.362 -1.047 -3.813 -4.424 -4.661 -4.705 -5.017 -4.88 -3.202 -2.997 -2.908 -4.061 -4.891 -4.784 -7.558 -3.346 -4.567 -7.726 -7.551 -7.713 -7.11 -5.665 -5.381 -6.738 -6.38 -7.845
21.35 -3.517 5.694 -4.005 -3.687 -4.513 -3.898 6.613 5.712 6.626 10.036 7.806 9.055 -3.254 -4.135 -4.261 -4.373 -5.029 -4.894 -3.185 -3.444 -3.919 -3.553 -4.027 -4.282 -7.257 -3.619 -4.039 -7.393 -7.171 -7.239 -6.694 -5.568 -5.371 -6.481 -6.26 -7.212
21.45 -3.428 5.837 -3.914 -3.67 -4.404 -4.312 6.726 5.907 6.756 9.905 8.077 9.351 -3.412 -4.114 -4.258 -4.305 -4.645 -4.668 -3.221 -3.158 -2.965 -3.525 -3.502 -4.486 -6.911 -2.706 -3.596 -7.093 -6.862 -7.142 -6.545 -5.217 -5.343 -6.054 -6.007 -6.846
21.55 -3.54 5.544 -4.027 -3.658 -4.532 -4.36 6.471 5.711 6.607 9.205 8.022 -1.034 -3.08 -4.11 -4.275 -4.484 -4.941 -4.884 -3.582 -3.396 -3.006 -3.495 -3.819 -4.354 -6.962 -2.977 -3.85 -6.831 -6.279 -6.823 -6.315 -5.339 -5.304 -6.859 -6.167 -5.55
21.65 -3.477 5.445 -3.958 -3.929 -4.242 -4.694 6.308 5.688 6.58 10.084 8.015 -0.864 -3.753 -4.356 -4.359 -4.371 -4.319 -4.55 -3.295 -3.256 -3.006 -3.551 -4.192 -3.55 -6.94 -3.107 -3.861 -6.703 -5.954 -6.272 -5.878 -5.292 -5.806 -6.457 -5.978 -6.896
21.75 -3.336 5.986 -3.823 -3.466 -4.364 -4.088 6.798 6.013 6.873 8.615 8.689 9.222 -2.817 -3.941 -4.385 -4.685 -3.964 -4.1 -3.293 -2.975 -2.712 -2.24 -2.133 -4.286 -6.553 -3.412 -1.952 -6.418 -5.8 -5.921 -5.555 -5.028 -5.459 -5.728 -5.726 -6.504
21.85 -2.782 6.525 -3.269 -2.99 -3.67 -3.698 7.308 6.401 7.305 12.333 9.155 10.081 -1.912 -3.467 -3.703 -4.031 -3.739 -3.869 -1.716 -2.645 -2.833 -2.627 -2.433 -2.867 -6.744 -2.596 -2.371 -6.48 -5.508 -5.805 -5.222 -3.919 -5.957 -6.757 -6.216 -5.612
21.95 -2.765 6.474 -3.25 -3.052 -3.621 -3.279 7.275 6.518 7.311 12.195 8.659 9.642 -2.376 -3.515 -3.781 -4.009 -3.589 -3.622 -2.078 -1.502 -1.593 5.982 5.586 -3.301 -6.273 -1.838 2.257 -6.134 -5.414 -5.839 -5.319 -4.054 -4.833 -6.029 -6.239 -4.349
22.05 -2.893 6.498 -3.375 -3.329 -3.567 -1.689 7.445 6.782 7.488 11.73 8.337 9.434 -2.255 -3.811 -4.194 -4.539 -1.298 -1.685 7.579 -1.051 -1.697 -1.495 5.656 -3.862 -6.175 0.501 -1.738 -6.023 -5.194 -5.499 -4.923 -3.764 -4.828 -5.719 -6.297 -4.955
22.15 -2.216 7.092 -2.699 -2.528 -3.16 -0.826 7.981 7.281 8.173 10.607 8.869 10.745 -1.917 -3.0 -3.433 -3.684 -2.461 -2.195 7.971 12.571 12.05 8.155 7.04 -3.254 -6.43 0.292 2.114 -6.02 -4.683 -4.943 -4.942 -4.989 -5.679 -5.916 -6.461 -4.726
22.25 -1.249 8.122 -1.731 -1.851 -1.294 -2.348 9.068 8.148 8.94 10.935 10.387 11.89 -0.456 -2.3 -2.3 -2.632 -1.535 -1.817 -1.383 -0.78 11.057 7.607 5.798 -1.395 -5.889 0.807 2.551 -5.718 -5.357 -4.8 -4.703 -4.572 -4.642 -5.512 -5.985 -5.391
22.35 -1.552 8.019 -2.037 -1.891 -2.397 -1.613 8.831 8.006 8.954 13.373 9.651 11.165 5.546 -2.39 -2.814 -3.305 0.987 -0.971 -1.522 -0.961 10.037 7.477 -2.103 -2.55 -5.93 -1.705 -0.558 -5.821 -4.964 -5.432 -5.165 -4.869 -4.779 -4.705 -5.673 -5.165
22.45 -0.309 9.4 -0.794 -0.553 -1.208 14.636 10.348 9.462 10.255 14.669 12.497 14.039 12.949 -1.09 -1.664 -2.134 12.762 15.343 nan nan nan nan nan -1.611 -5.573 1.087 2.882 -5.428 -4.798 -4.183 -4.353 -4.582 -3.865 -5.183 -6.099 -4.305
22.55 -0.031 9.084 -0.509 -0.701 -0.231 14.216 10.107 9.525 10.142 14.762 11.919 11.822 -0.311 -1.125 -0.999 -1.001 -1.204 -0.961 7.498 -1.069 -1.639 -1.456 8.029 -1.158 -5.71 -1.807 2.755 -5.518 -4.615 -3.873 -3.483 -3.004 -4.612 -4.747 -6.112 -5.514
22.65 1.294 9.944 0.839 0.095 14.72 15.914 10.903 10.914 11.038 16.556 12.266 13.488 -0.313 -0.299 -0.037 11.829 14.262 16.368 8.887 14.959 14.06 9.851 8.59 0.476 -5.75 0.929 2.732 -5.522 -4.778 -3.688 -3.515 -3.362 -4.445 -5.764 -5.656 -5.422
22.75 0.336 9.61 -0.138 -0.398 -0.071 15.021 10.638 10.048 10.571 15.478 10.915 13.237 -0.255 -0.863 -1.013 -0.879 13.28 15.702 9.862 15.331 14.587 10.872 9.611 -0.522 -5.139 1.524 3.318 -4.953 -4.043 -2.837 -3.405 -3.676 -4.986 -5.337 -5.01 nan
22.85 -0.057 9.67 -0.554 0.442 -1.262 14.397 10.94 9.595 10.685 10.633 12.932 13.766 12.115 -0.032 -0.122 -0.618 -2.218 -1.958 nan nan nan nan nan -1.921 -5.466 1.199 2.998 -5.259 -4.748 -3.069 -3.191 -3.355 -4.041 -5.749 -5.25 -4.21
22.95 1.256 10.377 0.791 0.135 14.394 15.996 11.445 10.937 11.769 16.166 13.082 13.76 0.756 -0.273 -0.104 -0.447 14.132 16.448 nan nan nan nan nan 0.836 -5.41 1.261 3.089 -4.981 -0.215 -3.553 -3.896 -4.171 -5.111 -5.161 -5.246 -4.024
23.05 nan nan nan nan nan nan nan nan nan nan nan nan nan nan nan nan nan nan nan nan nan nan nan 0.868 -5.374 1.296 3.115 -5.033 -3.626 -3.097 -3.513 -3.855 -5.083 -5.232 -4.803 -3.877
23.15 0.208 9.427 -0.282 0.122 -0.9 12.939 10.491 9.53 10.115 15.15 11.101 12.73 -0.258 -0.288 -0.036 8.288 -1.871 -1.601 11.181 15.325 16.725 12.237 10.976 -1.084 -5.029 1.634 3.43 -4.861 -4.314 -3.704 -3.691 -3.738 -3.545 -5.246 -5.381 6.075
23.25 1.25 10.881 0.767 0.7 2.511 16.901 12.075 10.991 11.534 16.497 14.732 15.492 15.361 0.202 -0.123 -0.646 14.074 16.775 nan nan nan nan nan 2.139 -4.099 2.568 4.369 -3.779 -2.738 1.959 -1.849 -2.629 -2.929 -3.47 -4.456 nan
23.35 1.106 10.046 0.645 -0.051 14.407 15.495 10.973 10.781 11.12 16.264 11.27 13.849 -0.411 -0.46 -0.235 4.371 14.068 16.339 nan nan nan nan nan 2.104 -4.128 2.536 4.323 -3.922 -3.109 -2.305 -2.476 -1.994 -3.529 -4.844 -3.963 6.154
23.45 nan nan nan nan nan nan nan nan nan nan nan nan nan nan nan nan nan nan nan nan nan nan nan 1.551 -4.701 1.974 3.815 -4.212 3.198 -3.075 -3.664 -4.078 -3.409 0.628 -5.246 5.847
23.55 1.569 10.623 1.062 13.338 -0.043 -1.875 11.379 9.42 10.889 17.581 17.759 13.488 17.522 14.113 11.946 14.461 8.2 -0.753 7.509 6.984 13.0 9.347 8.344 1.868 -4.444 2.292 4.132 -3.894 3.515 -2.199 -2.302 -2.437 -3.411 -4.805 -3.408 -2.651
23.65 nan nan nan nan nan nan nan nan nan nan nan nan nan nan nan nan nan nan nan nan nan nan nan 1.516 -4.736 1.94 3.78 -4.246 3.163 -2.209 -2.948 -3.385 -4.303 -4.041 -4.989 -4.125
23.75 nan nan nan nan nan nan nan nan nan nan nan nan nan nan nan nan nan nan nan nan nan nan nan 1.52 -4.732 1.944 3.784 -4.242 3.167 -3.045 -3.391 -3.706 -3.002 -4.47 -4.063 -5.04
23.85 nan nan nan nan nan nan nan nan nan nan nan nan nan nan nan nan nan nan nan nan nan nan nan 1.693 -4.559 2.117 3.957 -4.069 3.34 1.493 4.893 7.294 -3.921 -4.514 -4.484 -3.933
23.95 nan nan nan nan nan nan nan nan nan nan nan nan nan nan nan nan nan nan nan nan nan nan nan 2.469 -3.782 2.893 4.733 -3.293 4.116 2.549 -2.027 -2.816 -2.958 -3.869 -4.094 5.911
24.05 1.503 10.791 0.996 13.441 -0.106 6.559 11.572 10.257 11.257 16.173 16.912 15.371 17.65 11.124 11.184 15.949 -1.096 -0.825 9.5 14.809 14.966 9.286 8.516 2.49 -3.839 2.916 4.756 -3.27 4.139 -2.199 -2.422 -2.646 -2.925 -2.97 -4.243 nan
24.15 nan nan nan nan nan nan nan nan nan nan nan nan nan nan nan nan nan nan nan nan nan nan nan 2.846 -3.406 3.27 5.11 -2.916 4.493 2.994 -2.461 -3.248 -2.726 -3.327 -3.397 5.991
24.25 nan nan nan nan nan nan nan nan nan nan nan nan nan nan nan nan nan nan nan nan nan nan nan 2.286 -3.966 2.71 4.55 -3.476 3.933 2.661 -2.667 -3.43 -3.672 -4.403 -3.314 nan
24.35 nan nan nan nan nan nan nan nan nan nan nan nan nan nan nan nan nan nan nan nan nan nan nan 1.733 -4.519 2.157 3.997 -4.029 3.38 1.454 -1.683 -2.478 4.222 -2.962 -4.587 -4.772
24.45 nan nan nan nan nan nan nan nan nan nan nan nan nan nan nan nan nan nan nan nan nan nan nan 2.756 -3.496 3.179 5.02 -3.006 4.403 -0.907 -2.377 -3.042 6.392 -0.893 4.983 -4.1
24.55 nan nan nan nan nan nan nan nan nan nan nan nan nan nan nan nan nan nan nan nan nan nan nan 3.214 -3.038 3.638 5.478 -2.548 4.861 3.12 6.387 15.561 6.394 -2.946 -3.846 nan
24.65 nan nan nan nan nan nan nan nan nan nan nan nan nan nan nan nan nan nan nan nan nan nan nan 4.468 -1.784 4.891 6.732 -1.295 6.115 4.065 7.519 16.814 7.91 6.488 -2.904 nan
24.75 nan nan nan nan nan nan nan nan nan nan nan nan nan nan nan nan nan nan nan nan nan nan nan 3.544 -2.708 3.967 5.808 -2.219 5.191 3.141 6.595 15.89 6.986 1.843 -3.308 nan
24.85 nan nan nan nan nan nan nan nan nan nan nan nan nan nan nan nan nan nan nan nan nan nan nan 2.57 -3.681 2.994 4.834 -3.192 4.217 -2.276 -2.388 -2.533 0.598 -4.605 -3.169 nan
24.95 nan nan nan nan nan nan nan nan nan nan nan nan nan nan nan nan nan nan nan nan nan nan nan 2.161 -4.09 2.585 4.425 -3.601 3.808 -2.245 -2.348 -2.476 -3.048 -3.359 -4.15 -3.797
