# time f200lp f300x f350lp f475x f600lp f850lp f218w f225w f275w f336w f390w f438w f475w f555w f606w f625w f775w f814w f105w f110w f125w f140w f160w f070w f090w f115w f150w f150w2 f200w f277w f322w2 f356w f444w f0560w f0770w f1000w
-1.95 nan nan nan nan nan nan nan nan nan nan nan nan nan nan nan nan nan nan nan nan nan nan nan nan nan nan nan nan nan nan nan nan nan nan nan nan
-1.85 nan nan nan nan nan nan nan nan nan nan nan nan nan nan nan nan nan nan nan nan nan nan nan nan nan nan nan nan nan nan nan nan nan nan nan nan
-1.75 nan nan nan nan nan nan nan nan nan nan nan nan nan nan nan nan nan nan nan nan nan nan nan nan nan nan nan nan nan nan nan nan nan nan nan nan
-1.65 nan nan nan nan nan nan nan nan nan nan nan nan nan nan nan nan nan nan nan nan nan nan nan nan nan nan nan nan nan nan nan nan nan nan nan nan
-1.55 nan nan nan nan nan nan nan nan nan nan nan nan nan nan nan nan nan nan nan nan nan nan nan nan nan nan nan nan nan nan nan nan nan nan nan nan
-1.45 nan nan nan nan nan nan nan nan nan nan nan nan nan nan nan nan nan nan nan nan nan nan nan nan nan nan nan nan nan nan nan nan nan nan nan nan
-1.35 nan nan nan nan nan nan nan nan nan nan nan nan nan nan nan nan nan nan nan nan nan nan nan nan nan nan nan nan nan nan nan nan nan nan nan nan
-1.25 nan nan nan nan nan nan nan nan nan nan nan nan nan nan nan nan nan nan nan nan nan nan nan nan nan nan nan nan nan nan nan nan nan nan nan nan
-1.15 nan nan nan nan nan nan nan nan nan nan nan nan nan nan nan nan nan nan nan nan nan nan nan nan nan nan nan nan nan nan nan nan nan nan nan nan
-1.05 nan nan nan nan nan nan nan nan nan nan nan nan nan nan nan nan nan nan nan nan nan nan nan nan nan nan nan nan nan nan nan nan nan nan nan nan
-0.95 nan nan nan nan nan nan nan nan nan nan nan nan nan nan nan nan nan nan nan nan nan nan nan nan nan nan nan nan nan nan nan nan nan nan nan nan
-0.85 nan nan nan nan nan nan nan nan nan nan nan nan nan nan nan nan nan nan nan nan nan nan nan nan nan nan nan nan nan nan nan nan nan nan nan nan
-0.75 nan nan nan nan nan nan nan nan nan nan nan nan nan nan nan nan nan nan nan nan nan nan nan nan nan nan nan nan nan nan nan nan nan nan nan nan
-0.65 nan nan nan nan nan nan nan nan nan nan nan nan nan nan nan nan nan nan nan nan nan nan nan nan nan nan nan nan nan nan nan nan nan nan nan nan
-0.55 nan nan nan nan nan nan nan nan nan nan nan nan nan nan nan nan nan nan nan nan nan nan nan nan nan nan nan nan nan nan nan nan nan nan nan nan
-0.45 nan nan nan nan nan nan nan nan nan nan nan nan nan nan nan nan nan nan nan nan nan nan nan nan nan nan nan nan nan nan nan nan nan nan nan nan
-0.35 nan nan nan nan nan nan nan nan nan nan nan nan nan nan nan nan nan nan nan nan nan nan nan nan nan nan nan nan nan nan nan nan nan nan nan nan
-0.25 nan nan nan nan nan nan nan nan nan nan nan nan nan nan nan nan nan nan nan nan nan nan nan nan nan nan nan nan nan nan nan nan nan nan nan nan
-0.15 nan nan nan nan nan nan nan nan nan nan nan nan nan nan nan nan nan nan nan nan nan nan nan nan nan nan nan nan nan nan nan nan nan nan nan nan
-0.05 nan nan nan nan nan nan nan nan nan nan nan nan nan nan nan nan nan nan nan nan nan nan nan nan nan nan nan nan nan nan nan nan nan nan nan nan
0.05 -8.526 -8.225 -8.68 -8.861 -8.424 -8.263 -7.807 -7.984 -8.193 -8.209 -8.696 -8.839 -8.933 -8.874 -8.723 -8.477 -8.646 -8.598 -8.456 -8.194 -8.317 -6.897 -6.079 -8.418 -8.735 -8.497 -6.071 -8.202 -7.397 -6.465 -7.354 -7.822 -6.774 -4.338 nan nan
0.15 -11.607 -9.988 -11.997 -11.945 -12.233 -12.468 -8.537 -8.919 -9.749 -10.71 -11.398 -11.666 -11.913 -12.08 -12.125 -12.144 -12.265 -12.351 -12.271 -12.202 -12.08 -12.012 -11.828 -12.128 -12.668 -12.216 -11.845 -12.135 -11.495 -11.506 -11.196 -10.755 -10.183 -10.334 -8.682 nan
0.25 -11.955 -9.526 -12.397 -12.054 -12.91 -13.154 -7.316 -7.794 -9.041 -10.545 -11.196 -11.458 -11.856 -12.298 -12.581 -12.765 -12.904 -12.982 -13.061 -12.994 -12.883 -12.799 -12.632 -12.785 -13.358 -12.99 -12.683 -12.863 -12.233 -11.947 -11.759 -11.493 -11.048 -10.753 -9.778 nan
0.35 -12.045 -9.064 -12.509 -11.912 -13.177 -13.61 -7.233 -7.659 -8.65 -10.037 -10.932 -11.239 -11.562 -12.183 -12.576 -12.844 -13.192 -13.342 -13.518 -13.471 -13.401 -13.301 -13.175 -12.954 -13.802 -13.439 -13.232 -13.357 -12.7 -12.479 -12.283 -12.025 -11.62 -11.077 -10.217 nan
0.45 -12.092 -8.599 -12.567 -11.736 -13.342 -13.868 -6.352 -7.04 -7.954 -9.805 -10.68 -11.0 -11.346 -12.034 -12.555 -12.855 -13.347 -13.517 -13.862 -13.815 -13.743 -13.615 -13.463 -13.078 -14.034 -13.796 -13.526 -13.645 -13.002 -12.657 -12.445 -12.152 -11.898 -11.184 -10.513 nan
0.55 -12.129 -8.178 -12.611 -11.632 -13.436 -14.1 -5.458 -6.102 -7.245 -9.542 -10.467 -10.776 -11.253 -11.944 -12.507 -12.802 -13.433 -13.662 -14.124 -14.084 -14.028 -13.921 -13.777 -13.075 -14.258 -14.054 -13.858 -13.939 -13.367 -12.976 -12.72 -12.364 -11.967 -11.526 -11.041 0.035
0.65 -12.169 -7.834 -12.655 -11.567 -13.516 -14.254 -4.773 -5.509 -7.097 -9.099 -10.304 -10.751 -11.214 -11.885 -12.468 -12.766 -13.518 -13.767 -14.326 -14.279 -14.225 -14.116 -13.992 -13.089 -14.4 -14.256 -14.076 -14.129 -13.595 -13.09 -12.872 -12.573 -12.056 -11.5 -10.685 -5.415
0.75 -12.137 -7.357 -12.627 -11.371 -13.526 -14.374 -4.278 -5.323 -6.3 -8.89 -9.912 -10.365 -10.963 -11.723 -12.341 -12.651 -13.515 -13.808 -14.462 -14.428 -14.384 -14.319 -14.237 -13.012 -14.512 -14.385 -14.305 -14.295 -13.8 -13.248 -13.026 -12.733 -11.978 -11.425 -10.938 nan
0.85 -12.156 -7.004 -12.649 -11.2 -13.587 -14.488 -3.728 -4.844 -6.057 -8.387 -9.704 -10.197 -10.761 -11.559 -12.263 -12.589 -13.574 -13.889 -14.625 -14.59 -14.555 -14.47 -14.366 -12.996 -14.624 -14.57 -14.452 -14.451 -13.981 -13.436 -13.16 -12.775 -12.034 -11.652 -11.072 -1.524
0.95 -12.167 -6.893 -12.661 -11.117 -13.616 -14.576 -3.7 -4.555 -6.016 -8.237 -9.479 -9.957 -10.648 -11.494 -12.218 -12.543 -13.578 -13.928 -14.745 -14.711 -14.688 -14.599 -14.513 -12.984 -14.701 -14.689 -14.597 -14.574 -14.142 -13.549 -13.248 -12.809 -12.145 -11.515 -10.869 3.417
1.05 -12.127 -6.141 -12.624 -10.962 -13.596 -14.6 -3.403 -4.118 -4.701 -7.682 -9.145 -9.671 -10.472 -11.359 -12.102 -12.426 -13.553 -13.922 -14.826 -14.788 -14.762 -14.686 -14.608 -12.908 -14.741 -14.787 -14.688 -14.666 -14.212 -13.707 -13.373 -12.872 -12.056 -11.603 -11.301 4.189
1.15 -12.08 -5.755 -12.578 -10.73 -13.573 -14.625 -2.616 -3.332 -3.467 -7.279 -8.794 -9.283 -10.109 -11.152 -12.007 -12.363 -13.474 -13.89 -14.911 -14.874 -14.864 -14.788 -14.721 -12.858 -14.765 -14.9 -14.793 -14.774 -14.338 -13.828 -13.477 -12.944 -12.091 -11.644 -11.454 -1.805
1.25 -12.079 -5.483 -12.576 -10.68 -13.578 -14.666 -3.367 -3.76 -3.881 -7.075 -8.39 -9.001 -10.038 -11.121 -11.956 -12.311 -13.475 -13.902 -14.976 -14.928 -14.907 -14.846 -14.813 -12.826 -14.794 -14.962 -14.874 -14.838 -14.409 -13.856 -13.52 -13.021 -12.04 -11.534 -11.444 -5.567
1.35 -12.043 -5.311 -12.541 -10.62 -13.545 -14.646 -2.462 -3.535 -4.115 -6.722 -8.13 -8.742 -9.91 -11.07 -11.923 -12.281 -13.428 -13.861 -15.019 -14.972 -14.962 -14.92 -14.901 -12.8 -14.794 -15.037 -14.942 -14.913 -14.502 -13.993 -13.616 -13.025 -11.985 -11.811 -11.527 -5.312
1.45 -12.021 -5.016 -12.52 -10.506 -13.533 -14.638 -2.679 -3.616 -3.173 -6.489 -8.1 -8.711 -9.764 -10.959 -11.856 -12.227 -13.422 -13.849 -15.038 -15.006 -15.006 -14.997 -14.987 -12.776 -14.797 -15.087 -15.02 -14.972 -14.569 -14.052 -13.691 -13.14 -11.999 -11.763 -11.371 -6.429
1.55 -11.948 -4.883 -12.447 -10.296 -13.474 -14.61 -2.309 -3.294 -2.957 -6.427 -7.754 -8.664 -9.548 -10.758 -11.701 -12.08 -13.351 -13.801 -15.068 -15.031 -15.041 -15.02 -15.019 -12.681 -14.793 -15.133 -15.047 -15.023 -14.618 -14.149 -13.79 -13.241 -12.088 -11.809 -11.547 -5.564
1.65 -11.947 -4.565 -12.446 -10.293 -13.472 -14.626 -2.343 -3.221 -2.145 -6.175 -7.88 -8.494 -9.464 -10.752 -11.683 -12.07 -13.34 -13.8 -15.11 -15.073 -15.087 -15.094 -15.113 -12.653 -14.829 -15.191 -15.116 -15.09 -14.703 -14.229 -13.866 -13.319 -12.115 -11.972 -11.69 -6.61
1.75 -11.896 -4.146 -12.395 -10.256 -13.419 -14.566 -2.23 -3.161 -2.083 -5.561 -7.469 -8.282 -9.423 -10.724 -11.657 -12.037 -13.294 -13.737 -15.085 -15.069 -15.097 -15.119 -15.136 -12.607 -14.802 -15.204 -15.133 -15.123 -14.737 -14.299 -13.928 -13.361 -12.195 -12.042 -11.719 -7.289
1.85 -11.871 -4.17 -12.372 -10.003 -13.414 -14.591 -2.199 -3.166 -2.098 -5.25 -7.448 -8.047 -9.115 -10.479 -11.518 -11.913 -13.272 -13.745 -15.121 -15.111 -15.151 -15.178 -15.188 -12.555 -14.846 -15.255 -15.179 -15.182 -14.802 -14.395 -14.048 -13.54 -12.263 -11.964 -11.799 -5.737
1.95 -11.845 -4.199 -12.345 -10.081 -13.379 -14.548 -2.1 -3.127 -2.047 -5.781 -6.984 -7.738 -9.275 -10.563 -11.526 -11.893 -13.26 -13.718 -15.092 -15.077 -15.113 -15.157 -15.189 -12.563 -14.822 -15.239 -15.159 -15.192 -14.854 -14.455 -14.109 -13.596 -12.304 -12.153 -11.603 -6.47
2.05 -11.824 -3.787 -12.324 -9.861 -13.372 -14.556 -2.083 -3.122 -2.1 -4.49 -7.007 -7.716 -8.848 -10.354 -11.431 -11.83 -13.237 -13.715 -15.111 -15.104 -15.149 -15.216 -15.254 -12.505 -14.878 -15.264 -15.216 -15.255 -14.909 -14.547 -14.216 -13.742 -12.459 -12.263 -12.073 -5.33
2.15 -11.754 -3.798 -12.255 -9.799 -13.302 -14.489 -2.023 -3.053 -1.958 -5.181 -6.916 -7.679 -8.84 -10.289 -11.36 -11.761 -13.17 -13.644 -15.074 -15.077 -15.128 -15.204 -15.242 -12.441 -14.849 -15.25 -15.191 -15.258 -14.923 -14.58 -14.265 -13.826 -12.545 -12.251 -11.906 -1.882
2.25 -11.759 -3.493 -12.26 -9.74 -13.31 -14.506 -2.026 -3.068 -1.972 -4.861 -6.817 -7.556 -8.735 -10.233 -11.316 -11.718 -13.176 -13.663 -15.084 -15.079 -15.129 -15.205 -15.255 -12.409 -14.88 -15.255 -15.198 -15.275 -14.93 -14.63 -14.31 -13.863 -12.597 -12.253 -12.002 -6.988
2.35 -11.706 -3.759 -12.207 -9.676 -13.258 -14.475 -1.975 -3.033 -2.978 -4.383 -6.663 -7.419 -8.632 -10.176 -11.29 -11.696 -13.093 -13.608 -15.042 -15.051 -15.111 -15.203 -15.264 -12.36 -14.866 -15.229 -15.205 -15.284 -14.968 -14.666 -14.34 -13.878 -12.582 -12.409 -11.876 -6.069
2.45 -11.667 -3.084 -12.168 -9.548 -13.225 -14.424 -1.894 -2.975 -1.874 -3.28 -6.255 -7.144 -8.468 -10.059 -11.196 -11.604 -13.098 -13.581 -15.028 -15.026 -15.08 -15.172 -15.242 -12.336 -14.844 -15.205 -15.173 -15.27 -14.927 -14.665 -14.347 -13.905 -12.697 -12.338 -11.826 -8.049
2.55 -11.626 -2.967 -12.127 -9.45 -13.185 -14.441 -1.887 -2.963 -1.862 -3.583 -6.03 -7.111 -8.46 -9.949 -11.096 -11.492 -13.006 -13.551 -15.022 -15.036 -15.102 -15.204 -15.256 -12.222 -14.87 -15.208 -15.198 -15.295 -14.959 -14.731 -14.411 -13.962 -12.731 -12.336 -11.954 -8.147
2.65 -11.566 -2.769 -12.068 -9.293 -13.13 -14.361 -1.785 -2.895 -1.789 -1.384 -5.937 -6.695 -8.053 -9.81 -11.013 -11.426 -12.995 -13.5 -14.962 -14.975 -15.039 -15.167 -15.255 -12.187 -14.835 -15.156 -15.174 -15.277 -14.921 -14.726 -14.423 -14.013 -12.735 -12.507 -11.884 -7.899
2.75 -11.548 -3.6 -12.049 -9.104 -13.119 -14.356 -1.747 -2.899 -1.791 -4.974 -5.613 -6.331 -7.771 -9.64 -10.92 -11.34 -12.991 -13.499 -14.953 -14.966 -15.037 -15.159 -15.232 -12.134 -14.851 -15.138 -15.156 -15.273 -14.935 -14.727 -14.437 -14.048 -12.818 -12.479 -11.916 -8.42
2.85 -11.505 -2.631 -12.007 -9.201 -13.071 -14.356 -1.733 -2.862 -1.774 -3.127 -5.155 -6.627 -8.05 -9.722 -10.884 -11.293 -12.878 -13.448 -14.934 -14.958 -15.039 -15.168 -15.251 -12.035 -14.868 -15.122 -15.175 -15.294 -14.95 -14.789 -14.491 -14.089 -12.87 -12.453 -12.099 -7.015
2.95 -11.443 -3.297 -11.944 -9.109 -13.011 -14.29 -1.711 -2.954 -2.667 -4.616 -5.882 -7.001 -8.018 -9.62 -10.821 -11.226 -12.827 -13.388 -14.874 -14.9 -14.976 -15.119 -15.209 -12.001 -14.821 -15.055 -15.133 -15.261 -14.942 -14.74 -14.46 -14.094 -12.887 -12.463 -12.061 -7.95
3.05 -11.418 -2.439 -11.92 -8.853 -12.995 -14.281 -1.644 -2.779 -1.665 -1.359 -5.39 -6.468 -7.718 -9.383 -10.73 -11.138 -12.816 -13.376 -14.863 -14.884 -14.963 -15.097 -15.197 -11.996 -14.831 -15.042 -15.121 -15.255 -14.923 -14.756 -14.477 -14.112 -12.962 -12.471 -12.075 -7.138
3.15 -11.367 -2.313 -11.869 -8.853 -12.943 -14.243 -1.567 -2.734 -1.613 0.598 -3.896 -5.315 -7.749 -9.393 -10.664 -11.066 -12.748 -13.326 -14.844 -14.882 -14.976 -15.114 -15.207 -11.897 -14.823 -15.039 -15.134 -15.267 -14.933 -14.783 -14.51 -14.156 -12.963 -12.487 -12.002 -7.373
3.25 -11.311 -2.439 -11.812 -8.812 -12.885 -14.177 -1.543 -2.679 -1.563 -2.668 -5.063 -6.144 -7.606 -9.343 -10.604 -11.016 -12.7 -13.278 -14.784 -14.816 -14.91 -15.058 -15.165 -11.825 -14.788 -14.974 -15.087 -15.239 -14.915 -14.775 -14.494 -14.123 -13.019 -12.562 -12.157 -7.882
3.35 -11.26 -2.702 -11.762 -8.605 -12.84 -14.146 -1.454 -2.635 -1.519 -3.931 -4.288 -5.941 -7.263 -9.153 -10.499 -10.927 -12.648 -13.231 -14.749 -14.79 -14.894 -15.027 -15.116 -11.774 -14.786 -14.929 -15.051 -15.222 -14.897 -14.755 -14.493 -14.158 -13.086 -12.609 -12.096 -8.96
3.45 -11.245 -2.121 -11.747 -8.59 -12.824 -14.164 -1.481 -2.633 -1.514 0.823 -4.659 -5.918 -7.212 -9.123 -10.492 -10.913 -12.582 -13.213 -14.756 -14.801 -14.905 -15.035 -15.128 -11.694 -14.799 -14.946 -15.059 -15.232 -14.887 -14.784 -14.517 -14.171 -13.148 -12.671 -12.139 -7.545
3.55 -11.146 -2.267 -11.648 -8.426 -12.727 -14.081 -1.412 -2.542 -1.421 -1.688 -5.395 -5.431 -7.169 -8.956 -10.304 -10.714 -12.483 -13.122 -14.718 -14.766 -14.879 -15.033 -15.145 -11.607 -14.768 -14.923 -15.069 -15.232 -14.9 -14.776 -14.519 -14.193 -13.187 -12.628 -12.198 -7.214
3.65 -11.129 -2.301 -11.631 -8.355 -12.713 -14.035 -1.334 -2.51 -1.389 -3.333 -4.572 -4.611 -6.783 -8.917 -10.334 -10.758 -12.501 -13.106 -14.654 -14.716 -14.835 -14.987 -15.102 -11.652 -14.755 -14.86 -15.025 -15.205 -14.869 -14.783 -14.531 -14.216 -13.179 -12.728 -12.042 -5.585
3.75 -11.096 -2.288 -11.598 -8.299 -12.68 -14.019 -1.347 -2.493 -1.37 0.487 -5.027 -5.086 -7.09 -8.843 -10.248 -10.651 -12.46 -13.073 -14.641 -14.706 -14.831 -14.974 -15.077 -11.501 -14.772 -14.847 -15.008 -15.212 -14.872 -14.795 -14.549 -14.244 -13.23 -12.755 -12.292 -8.661
3.85 -11.037 -1.864 -11.539 -8.21 -12.62 -14.005 -1.308 -2.449 -1.325 1.035 -4.782 -5.967 -6.9 -8.735 -10.11 -10.527 -12.361 -13.021 -14.639 -14.7 -14.825 -14.971 -15.083 -11.4 -14.759 -14.846 -15.01 -15.21 -14.852 -14.801 -14.553 -14.243 -13.336 -12.742 -12.222 -7.758
3.95 -10.976 -1.873 -11.478 -8.223 -12.558 -13.923 -1.235 -2.373 -1.251 1.043 -4.725 -5.92 -6.907 -8.754 -10.115 -10.529 -12.308 -12.959 -14.593 -14.662 -14.795 -14.952 -15.066 -11.438 -14.74 -14.821 -14.99 -15.2 -14.847 -14.796 -14.573 -14.303 -13.376 -12.765 -12.299 -8.673
4.05 -10.918 -1.695 -11.421 -8.018 -12.505 -13.873 -1.143 -2.326 -1.202 1.237 -0.157 -4.748 -6.779 -8.568 -10.002 -10.416 -12.254 -12.91 -14.55 -14.621 -14.767 -14.903 -15.023 -11.333 -14.731 -14.775 -14.942 -15.18 -14.829 -14.774 -14.562 -14.309 -13.366 -12.909 -12.266 -7.388
4.15 -10.889 -1.694 -11.391 -7.923 -12.476 -13.86 -1.136 -2.303 -1.178 1.094 -3.549 -5.27 -6.558 -8.465 -9.95 -10.356 -12.222 -12.881 -14.541 -14.623 -14.774 -14.916 -15.033 -11.31 -14.733 -14.767 -14.96 -15.192 -14.828 -14.781 -14.575 -14.331 -13.474 -12.834 -12.313 -7.457
4.25 -10.854 -1.627 -11.356 -7.84 -12.443 -13.852 -1.076 -2.274 -1.15 1.255 3.2 -3.555 -6.418 -8.407 -9.874 -10.292 -12.138 -12.834 -14.546 -14.625 -14.768 -14.918 -15.034 -11.23 -14.74 -14.769 -14.96 -15.2 -14.837 -14.803 -14.584 -14.318 -13.492 -12.976 -12.401 -7.676
4.35 -10.784 -1.58 -11.286 -7.668 -12.375 -13.766 -1.004 -2.193 -1.078 1.275 -1.019 -3.509 -6.071 -8.245 -9.786 -10.209 -12.111 -12.773 -14.505 -14.612 -14.769 -14.925 -15.027 -11.186 -14.72 -14.755 -14.966 -15.191 -14.822 -14.79 -14.589 -14.357 -13.469 -12.927 -12.44 -8.042
4.45 -10.731 -1.696 -11.233 -7.662 -12.321 -13.737 -0.955 -2.149 -1.025 1.337 -3.408 -2.292 -5.766 -8.24 -9.81 -10.232 -11.989 -12.705 -14.47 -14.568 -14.726 -14.865 -14.968 -11.12 -14.714 -14.708 -14.899 -15.167 -14.786 -14.786 -14.601 -14.391 -13.517 -12.886 -12.407 -8.155
4.55 -10.72 -1.855 -11.222 -7.561 -12.313 -13.709 -0.945 -2.141 -1.02 -3.223 -2.95 -4.016 -6.185 -8.138 -9.712 -10.126 -12.044 -12.704 -14.432 -14.548 -14.719 -14.863 -14.977 -11.063 -14.729 -14.679 -14.911 -15.174 -14.806 -14.816 -14.622 -14.393 -13.587 -13.014 -12.343 -8.569
4.65 -10.698 -1.507 -11.2 -7.526 -12.291 -13.736 -0.951 -2.137 -1.009 1.345 -1.709 -5.049 -6.34 -8.082 -9.571 -9.961 -11.969 -12.695 -14.449 -14.556 -14.718 -14.863 -14.98 -10.993 -14.735 -14.69 -14.911 -15.176 -14.797 -14.802 -14.614 -14.398 -13.63 -12.941 -12.424 -8.522
4.75 -10.613 -1.947 -11.115 -7.199 -12.21 -13.648 -0.855 -2.053 -0.926 -3.542 -3.199 -2.188 -5.239 -7.808 -9.505 -9.93 -11.881 -12.604 -14.402 -14.52 -14.691 -14.857 -14.989 -10.918 -14.728 -14.652 -14.922 -15.186 -14.82 -14.825 -14.648 -14.448 -13.643 -13.035 -12.438 -8.713
4.85 -10.555 -1.495 -11.057 -7.181 -12.151 -13.575 -0.791 -1.986 -0.866 1.518 -3.333 -4.714 -5.132 -7.768 -9.419 -9.847 -11.858 -12.559 -14.377 -14.496 -14.684 -14.837 -14.963 -10.908 -14.707 -14.642 -14.89 -15.176 -14.811 -14.827 -14.634 -14.408 -13.701 -13.056 -12.423 -8.785
4.95 -10.532 -1.334 -11.034 -7.137 -12.129 -13.572 -0.781 -1.969 -0.847 1.522 -3.494 -4.781 -5.758 -7.709 -9.41 -9.837 -11.794 -12.522 -14.353 -14.485 -14.677 -14.813 -14.926 -10.839 -14.712 -14.617 -14.864 -15.165 -14.779 -14.823 -14.643 -14.433 -13.699 -13.087 -12.432 -8.85
5.05 -10.508 -1.392 -11.01 -7.229 -12.103 -13.55 -0.794 -1.945 -0.825 1.628 -4.31 -4.675 -5.497 -7.78 -9.396 -9.822 -11.772 -12.493 -14.324 -14.462 -14.655 -14.815 -14.944 -10.793 -14.714 -14.581 -14.878 -15.167 -14.788 -14.834 -14.653 -14.444 -13.694 -13.041 -12.502 -8.492
5.15 -10.476 -1.28 -10.978 -7.114 -12.072 -13.546 -0.719 -1.93 -0.803 1.594 -3.073 -3.95 -5.681 -7.671 -9.239 -9.63 -11.735 -12.482 -14.339 -14.469 -14.665 -14.812 -14.95 -10.734 -14.729 -14.602 -14.882 -15.187 -14.802 -14.871 -14.687 -14.472 -13.755 -13.143 -12.383 -7.905
5.25 -10.43 -1.223 -10.932 -6.945 -12.028 -13.508 -0.669 -1.876 -0.749 1.606 1.121 -3.977 -5.432 -7.526 -9.221 -9.619 -11.649 -12.43 -14.315 -14.458 -14.661 -14.823 -14.946 -10.754 -14.72 -14.587 -14.883 -15.184 -14.806 -14.878 -14.686 -14.463 -13.768 -13.119 -12.396 -8.243
5.35 -10.385 -1.169 -10.888 -7.078 -11.981 -13.435 -0.626 -1.819 -0.7 1.822 3.97 -3.953 -5.3 -7.662 -9.186 -9.624 -11.642 -12.386 -14.257 -14.419 -14.633 -14.793 -14.924 -10.741 -14.708 -14.543 -14.859 -15.17 -14.791 -14.859 -14.672 -14.454 -13.795 -13.168 -12.432 -8.368
5.45 -10.344 -1.126 -10.846 -6.789 -11.942 -13.406 -0.569 -1.785 -0.658 1.707 4.012 2.463 -5.179 -7.387 -9.137 -9.553 -11.604 -12.344 -14.254 -14.414 -14.639 -14.773 -14.897 -10.685 -14.696 -14.538 -14.839 -15.162 -14.765 -14.865 -14.68 -14.467 -13.763 -13.167 -12.376 -8.129
5.55 -10.308 -1.115 -10.81 -7.031 -11.904 -13.356 -0.564 -1.748 -0.624 1.707 -3.438 -3.909 -5.342 -7.587 -9.118 -9.523 -11.574 -12.308 -14.202 -14.386 -14.618 -14.78 -14.915 -10.611 -14.69 -14.504 -14.852 -15.162 -14.775 -14.881 -14.69 -14.464 -13.769 -13.162 -12.451 -7.942
5.65 -10.303 -1.094 -10.805 -6.98 -11.898 -13.386 -0.548 -1.761 -0.628 1.79 4.078 2.464 -5.233 -7.552 -9.057 -9.467 -11.514 -12.303 -14.21 -14.383 -14.606 -14.755 -14.888 -10.563 -14.703 -14.504 -14.828 -15.157 -14.764 -14.887 -14.697 -14.474 -13.805 -13.157 -12.378 -8.933
5.75 -10.27 -1.512 -10.772 -6.925 -11.865 -13.358 -0.52 -1.73 -0.608 -2.878 -2.953 -4.231 -5.985 -7.477 -8.853 -9.239 -11.517 -12.287 -14.181 -14.369 -14.597 -14.761 -14.887 -10.493 -14.709 -14.48 -14.83 -15.159 -14.765 -14.896 -14.701 -14.472 -13.762 -13.258 -12.451 -9.271
5.85 -10.2 -0.992 -10.702 -6.8 -11.797 -13.294 -0.451 -1.651 -0.529 1.961 4.029 -3.742 -5.049 -7.387 -8.957 -9.391 -11.377 -12.194 -14.148 -14.337 -14.567 -14.733 -14.876 -10.485 -14.687 -14.452 -14.814 -15.152 -14.77 -14.892 -14.697 -14.468 -13.796 -13.184 -12.423 -8.122
5.95 -10.146 -0.942 -10.648 -6.646 -11.745 -13.245 -0.387 -1.597 -0.471 1.913 3.97 -3.887 -5.215 -7.236 -8.913 -9.312 -11.334 -12.144 -14.127 -14.333 -14.574 -14.733 -14.864 -10.441 -14.69 -14.433 -14.81 -15.148 -14.737 -14.898 -14.709 -14.489 -13.821 -13.257 -12.437 -7.778
6.05 -10.145 -0.977 -10.648 -6.671 -11.744 -13.228 -0.422 -1.597 -0.474 1.87 -3.345 -3.727 -5.433 -7.233 -8.889 -9.258 -11.384 -12.146 -14.107 -14.305 -14.551 -14.716 -14.873 -10.426 -14.659 -14.407 -14.812 -15.132 -14.74 -14.884 -14.686 -14.451 -13.743 -13.14 -12.432 -9.009
6.15 -10.119 -0.933 -10.621 -6.651 -11.717 -13.223 -0.384 -1.575 -0.442 1.963 -3.265 -3.755 -5.128 -7.218 -8.869 -9.283 -11.291 -12.119 -14.086 -14.303 -14.55 -14.712 -14.855 -10.377 -14.67 -14.394 -14.8 -15.137 -14.731 -14.898 -14.698 -14.459 -13.774 -13.185 -12.479 -8.805
6.25 -10.095 -0.899 -10.597 -6.492 -11.694 -13.221 -0.353 -1.572 -0.435 2.05 4.285 2.63 -4.407 -7.072 -8.674 -9.09 -11.269 -12.11 -14.082 -14.297 -14.552 -14.7 -14.836 -10.267 -14.657 -14.391 -14.792 -15.125 -14.723 -14.9 -14.69 -14.433 -13.732 -13.134 -12.462 -9.334
6.35 -10.055 -0.846 -10.557 -6.756 -11.65 -13.161 -0.292 -1.51 -0.387 1.973 4.163 2.737 -4.628 -7.328 -8.834 -9.248 -11.219 -12.051 -14.044 -14.266 -14.519 -14.68 -14.821 -10.344 -14.638 -14.366 -14.775 -15.11 -14.72 -14.933 -14.706 -14.426 -13.661 -13.136 -12.312 -9.238
6.45 -9.982 -0.78 -10.485 -6.479 -11.581 -13.101 -0.238 -1.442 -0.316 2.104 4.358 2.784 -5.041 -7.064 -8.722 -9.12 -11.119 -11.983 -14.008 -14.242 -14.503 -14.667 -14.809 -10.191 -14.603 -14.342 -14.755 -15.094 -14.713 -14.902 -14.68 -14.409 -13.629 -13.163 -12.191 -7.95
6.55 -9.899 -1.014 -10.402 -6.195 -11.502 -13.032 -0.151 -1.367 -0.235 2.167 -2.991 2.633 -4.338 -6.806 -8.526 -8.937 -11.033 -11.906 -13.98 -14.222 -14.489 -14.648 -14.784 -10.144 -14.588 -14.313 -14.734 -15.081 -14.695 -14.892 -14.673 -14.409 -13.64 -13.039 -12.409 -9.478
6.65 -9.921 -0.722 -10.423 -6.097 -11.524 -13.029 -0.16 -1.384 -0.257 2.198 4.53 2.877 -4.767 -6.705 -8.554 -8.955 -11.138 -11.936 -13.956 -14.217 -14.494 -14.658 -14.799 -10.149 -14.58 -14.318 -14.745 -15.072 -14.659 -14.883 -14.67 -14.412 -13.627 -13.055 -12.235 -9.409
6.75 -9.885 -0.692 -10.388 -6.331 -11.484 -13.015 -0.141 -1.352 -0.219 2.101 4.185 -3.623 -4.439 -6.919 -8.608 -9.029 -11.011 -11.877 -13.954 -14.206 -14.483 -14.636 -14.776 -10.12 -14.577 -14.298 -14.73 -15.068 -14.655 -14.891 -14.669 -14.401 -13.586 -13.052 -12.307 -9.24
6.85 -9.847 -0.647 -10.35 -6.247 -11.447 -12.966 -0.104 -1.31 -0.18 2.216 4.523 2.986 -5.002 -6.826 -8.432 -8.809 -11.038 -11.859 -13.91 -14.185 -14.469 -14.615 -14.752 -10.071 -14.545 -14.261 -14.714 -15.051 -14.659 -14.903 -14.655 -14.344 -13.539 -13.03 -12.23 -9.474
6.95 -9.817 -0.619 -10.319 -6.175 -11.418 -12.951 -0.066 -1.29 -0.16 2.213 4.445 2.948 -4.59 -6.758 -8.414 -8.81 -10.967 -11.823 -13.888 -14.176 -14.464 -14.609 -14.734 -10.032 -14.52 -14.252 -14.701 -15.03 -14.641 -14.886 -14.638 -14.328 -13.454 -12.912 -12.206 -9.533
7.05 -9.775 -0.573 -10.277 -6.276 -11.373 -12.9 -0.029 -1.236 -0.108 2.207 4.644 2.395 -4.834 -6.855 -8.382 -8.767 -10.934 -11.782 -13.85 -14.138 -14.426 -14.576 -14.717 -10.042 -14.502 -14.207 -14.684 -15.017 -14.633 -14.875 -14.624 -14.308 -13.495 -12.95 -12.117 -8.25
7.15 -9.709 -0.622 -10.211 -6.342 -11.306 -12.839 0.016 -1.165 -0.035 2.331 -3.071 -3.377 -4.929 -6.892 -8.383 -8.773 -10.849 -11.712 -13.805 -14.121 -14.42 -14.567 -14.697 -10.025 -14.482 -14.186 -14.665 -15.001 -14.612 -14.859 -14.62 -14.323 -13.446 -12.869 -12.154 -9.397
7.25 -9.707 -0.514 -10.209 -6.23 -11.306 -12.828 0.052 -1.169 -0.028 2.308 3.566 -3.731 -4.893 -6.802 -8.317 -8.705 -10.896 -11.721 -13.791 -14.087 -14.383 -14.537 -14.678 -9.988 -14.459 -14.162 -14.636 -14.984 -14.61 -14.86 -14.606 -14.284 -13.399 -12.842 -12.144 -9.006
7.35 -9.65 -0.434 -10.152 -6.18 -11.247 -12.749 0.146 -1.093 0.04 2.336 4.575 3.236 -4.551 -6.76 -8.387 -8.793 -10.858 -11.639 -13.763 -14.074 -14.382 -14.522 -14.661 -9.991 -14.422 -14.147 -14.623 -14.965 -14.582 -14.84 -14.585 -14.261 -13.322 -12.853 -11.967 -9.235
7.45 -9.605 -0.414 -10.107 -6.137 -11.203 -12.706 0.15 -1.052 0.074 2.294 -2.976 -3.508 -5.087 -6.687 -8.333 -8.703 -10.808 -11.592 -13.74 -14.054 -14.36 -14.497 -14.632 -9.9 -14.388 -14.128 -14.594 -14.941 -14.573 -14.819 -14.549 -14.201 -13.284 -12.749 -12.047 -9.399
7.55 -9.584 -0.374 -10.086 -6.213 -11.179 -12.702 0.187 -1.03 0.095 2.293 4.754 3.234 -5.048 -6.768 -8.194 -8.55 -10.786 -11.58 -13.709 -14.046 -14.357 -14.499 -14.629 -9.916 -14.374 -14.111 -14.596 -14.934 -14.581 -14.822 -14.546 -14.185 -13.236 -12.735 -12.061 -8.719
7.65 -9.514 -0.321 -10.017 -5.582 -11.118 -12.642 0.241 -0.981 0.146 2.407 4.722 -3.601 -4.546 -6.177 -7.923 -8.285 -10.727 -11.533 -13.657 -14.001 -14.325 -14.462 -14.593 -9.793 -14.342 -14.068 -14.561 -14.903 -14.552 -14.797 -14.521 -14.161 -13.203 -12.717 -11.905 -9.202
7.75 -9.517 -0.309 -10.019 -5.788 -11.119 -12.624 0.26 -0.966 0.169 2.326 4.879 2.6 -4.708 -6.4 -8.162 -8.535 -10.732 -11.531 -13.623 -13.972 -14.294 -14.437 -14.574 -9.905 -14.316 -14.032 -14.546 -14.879 -14.533 -14.8 -14.506 -14.118 -13.087 -12.674 -11.88 -9.23
7.85 -9.499 -0.309 -10.001 -6.033 -11.098 -12.643 0.238 -0.971 0.172 2.442 4.675 3.003 -4.977 -6.588 -8.147 -8.513 -10.615 -11.51 -13.579 -13.944 -14.265 -14.415 -14.54 -9.736 -14.292 -13.987 -14.51 -14.856 -14.521 -14.771 -14.479 -14.091 -13.119 -12.587 -11.834 -9.208
7.95 -9.423 -0.221 -9.925 -5.659 -11.025 -12.56 0.349 -0.887 0.251 2.596 5.0 3.398 -4.426 -6.257 -7.94 -8.334 -10.614 -11.432 -13.55 -13.908 -14.228 -14.379 -14.51 -9.74 -14.276 -13.962 -14.483 -14.836 -14.501 -14.779 -14.475 -14.068 -12.982 -12.608 -11.839 -9.129
8.05 -9.372 -0.169 -9.874 -5.936 -10.971 -12.512 0.395 -0.831 0.3 2.562 4.899 3.392 -4.915 -6.514 -8.068 -8.435 -10.495 -11.36 -13.537 -13.888 -14.208 -14.354 -14.493 -9.709 -14.231 -13.942 -14.462 -14.812 -14.478 -14.738 -14.443 -14.052 -12.999 -12.473 -11.818 -9.561
8.15 -9.365 -0.164 -9.867 -5.798 -10.963 -12.477 0.404 -0.825 0.313 2.574 5.048 -3.111 -4.373 -6.376 -7.911 -8.28 -10.588 -11.383 -13.493 -13.864 -14.195 -14.327 -14.454 -9.694 -14.192 -13.926 -14.428 -14.778 -14.447 -14.702 -14.388 -13.959 -12.954 -12.472 -11.817 -9.774
8.25 -9.346 -0.137 -9.848 -5.953 -10.943 -12.453 0.432 -0.792 0.344 2.602 4.943 3.466 -4.211 -6.53 -8.018 -8.422 -10.557 -11.343 -13.482 -13.856 -14.19 -14.309 -14.427 -9.715 -14.162 -13.898 -14.41 -14.762 -14.445 -14.696 -14.375 -13.931 -12.813 -12.424 -11.82 -9.767
8.35 -9.279 -0.071 -9.781 -5.559 -10.88 -12.41 0.495 -0.727 0.403 2.595 5.037 0.698 -4.321 -6.15 -7.845 -8.237 -10.452 -11.268 -13.434 -13.831 -14.166 -14.311 -14.425 -9.642 -14.124 -13.86 -14.405 -14.737 -14.439 -14.665 -14.35 -13.921 -12.745 -12.417 -11.589 -9.714
8.45 -9.241 -0.05 -9.743 -6.218 -10.831 -12.342 0.528 -0.688 0.435 2.727 1.581 -3.56 -5.329 -6.74 -8.019 -8.373 -10.421 -11.225 -13.377 -13.79 -14.134 -14.259 -14.369 -9.591 -14.104 -13.834 -14.351 -14.713 -14.422 -14.666 -14.339 -13.888 -12.732 -12.307 -11.584 -9.043
8.55 -9.231 -0.017 -9.733 -6.018 -10.824 -12.32 0.577 -0.666 0.458 2.676 4.995 3.585 -4.998 -6.568 -7.964 -8.335 -10.454 -11.222 -13.359 -13.757 -14.1 -14.219 -14.33 -9.663 -14.077 -13.784 -14.32 -14.681 -14.394 -14.637 -14.305 -13.842 -12.613 -12.344 -11.598 -9.818
8.65 -9.165 0.043 -9.667 -5.766 -10.761 -12.27 0.605 -0.614 0.523 2.72 5.154 3.504 -4.681 -6.31 -7.766 -8.143 -10.394 -11.162 -13.309 -13.719 -14.063 -14.195 -14.322 -9.537 -14.055 -13.75 -14.296 -14.668 -14.374 -14.63 -14.284 -13.794 -12.574 -12.425 -11.648 -9.726
8.75 -9.152 0.044 -9.654 -6.144 -10.741 -12.256 0.639 -0.594 0.55 2.842 2.584 -3.471 -4.47 -6.679 -7.937 -8.359 -10.323 -11.13 -13.257 -13.685 -14.029 -14.165 -14.268 -9.524 -14.021 -13.708 -14.255 -14.63 -14.338 -14.601 -14.253 -13.756 -12.541 -12.365 -11.516 -9.737
8.85 -9.087 0.131 -9.589 -5.87 -10.68 -12.18 0.71 -0.523 0.611 2.893 5.166 3.742 -4.036 -6.436 -7.855 -8.251 -10.303 -11.071 -13.211 -13.645 -13.993 -14.125 -14.229 -9.519 -13.959 -13.676 -14.214 -14.599 -14.322 -14.58 -14.219 -13.691 -12.431 -12.189 -11.437 -9.858
8.95 -9.069 0.126 -9.571 -5.781 -10.663 -12.139 0.72 -0.503 0.626 2.925 3.37 -4.118 -4.483 -6.311 -7.639 -8.038 -10.369 -11.066 -13.187 -13.607 -13.958 -14.076 -14.185 -9.485 -13.958 -13.636 -14.177 -14.576 -14.311 -14.558 -14.21 -13.714 -12.441 -12.252 -11.521 -9.816
9.05 -9.059 -0.106 -9.56 -6.096 -10.645 -12.128 0.723 -0.483 0.657 2.781 -2.81 -3.813 -4.361 -6.619 -7.987 -8.399 -10.27 -11.029 -13.129 -13.567 -13.917 -14.046 -14.151 -9.528 -13.902 -13.581 -14.144 -14.533 -14.292 -14.527 -14.162 -13.627 -12.299 -12.076 -11.488 -9.93
9.15 -9.054 0.173 -9.556 -5.798 -10.648 -12.104 0.753 -0.47 0.654 2.752 5.267 3.797 -5.011 -6.361 -7.874 -8.234 -10.342 -11.035 -13.099 -13.53 -13.877 -13.994 -14.098 -9.59 -13.856 -13.55 -14.087 -14.495 -14.258 -14.474 -14.105 -13.562 -12.313 -12.063 -11.429 -9.796
9.25 -8.967 0.251 -9.469 -5.833 -10.559 -12.05 0.842 -0.403 0.724 3.011 5.271 3.931 -4.955 -6.362 -7.633 -7.994 -10.23 -10.963 -13.058 -13.511 -13.862 -13.988 -14.063 -9.418 -13.832 -13.531 -14.06 -14.472 -14.262 -14.461 -14.093 -13.553 -12.238 -12.126 -11.334 -9.921
9.35 -8.961 0.264 -9.463 -5.852 -10.554 -12.013 0.859 -0.367 0.752 2.915 5.183 1.641 -5.212 -6.393 -7.761 -8.122 -10.242 -10.945 -13.045 -13.483 -13.833 -13.938 -14.019 -9.551 -13.821 -13.512 -14.018 -14.455 -14.225 -14.453 -14.075 -13.512 -12.186 -12.137 -11.473 -9.834
9.45 -8.937 0.292 -9.439 -5.804 -10.53 -11.972 0.887 -0.348 0.778 2.967 5.372 3.891 -5.161 -6.336 -7.694 -8.06 -10.255 -10.922 -12.998 -13.452 -13.809 -13.917 -13.989 -9.514 -13.782 -13.455 -13.997 -14.426 -14.212 -14.425 -14.033 -13.44 -12.118 -12.137 -11.275 -10.058
9.55 -8.917 0.294 -9.419 -5.619 -10.512 -11.968 0.873 -0.341 0.789 2.846 4.563 -3.341 -4.926 -6.158 -7.521 -7.844 -10.252 -10.909 -12.96 -13.414 -13.772 -13.873 -13.938 -9.434 -13.752 -13.411 -13.949 -14.389 -14.179 -14.392 -14.002 -13.405 -12.053 -11.999 -11.314 -10.153
9.65 -8.879 0.339 -9.381 -5.752 -10.471 -11.909 0.937 -0.296 0.822 3.027 5.351 0.668 -5.023 -6.308 -7.732 -8.099 -10.192 -10.849 -12.9 -13.337 -13.695 -13.793 -13.895 -9.418 -13.735 -13.352 -13.892 -14.363 -14.187 -14.348 -13.973 -13.417 -12.063 -12.116 -11.287 -10.31
9.75 -8.876 0.369 -9.377 -6.006 -10.462 -11.885 0.951 -0.261 0.861 2.944 5.024 -2.859 -4.763 -6.562 -7.932 -8.321 -10.156 -10.822 -12.847 -13.306 -13.656 -13.77 -13.854 -9.556 -13.683 -13.317 -13.846 -14.331 -14.153 -14.328 -13.948 -13.383 -11.909 -11.999 -11.257 -10.319
9.85 -8.821 0.412 -9.322 -5.878 -10.408 -11.851 0.995 -0.233 0.893 3.227 5.259 4.061 -4.74 -6.41 -7.666 -8.069 -10.123 -10.78 -12.803 -13.25 -13.6 -13.697 -13.789 -9.354 -13.631 -13.262 -13.786 -14.278 -14.128 -14.283 -13.88 -13.259 -11.815 -12.056 -11.155 -9.984
9.95 -8.848 0.377 -9.35 -5.72 -10.439 -11.884 0.969 -0.256 0.859 3.052 5.242 3.834 -4.794 -6.261 -7.601 -7.962 -10.176 -10.839 -12.78 -13.217 -13.557 -13.649 -13.701 -9.439 -13.608 -13.212 -13.717 -14.248 -14.112 -14.279 -13.873 -13.239 -11.776 -11.895 -11.078 -10.129
10.05 -8.805 0.446 -9.307 -5.911 -10.39 -11.803 1.031 -0.187 0.943 2.941 5.564 4.058 -4.153 -6.464 -7.78 -8.188 -10.137 -10.779 -12.748 -13.176 -13.52 -13.595 -13.661 -9.479 -13.552 -13.184 -13.672 -14.205 -14.083 -14.229 -13.811 -13.144 -11.784 -11.854 -11.257 -10.107
10.15 -8.77 0.485 -9.272 -6.007 -10.353 -11.735 1.108 -0.141 0.97 2.966 5.246 4.049 -4.48 -6.556 -7.827 -8.225 -10.138 -10.722 -12.663 -13.112 -13.455 -13.553 -13.613 -9.459 -13.532 -13.119 -13.617 -14.167 -14.046 -14.201 -13.782 -13.117 -11.66 -11.876 -11.174 -10.554
10.25 -8.729 0.515 -9.231 -6.173 -10.303 -11.674 1.102 -0.1 1.017 3.106 5.277 3.897 -4.617 -6.702 -7.787 -8.182 -10.11 -10.701 -12.629 -13.072 -13.423 -13.523 -13.587 -9.355 -13.497 -13.069 -13.596 -14.141 -14.024 -14.187 -13.761 -13.075 -11.733 -11.799 -11.063 -9.954
10.35 -8.717 0.565 -9.219 -5.887 -10.296 -11.595 1.184 -0.055 1.058 2.835 5.35 4.146 -4.205 -6.415 -7.646 -8.024 -10.249 -10.71 -12.588 -13.047 -13.405 -13.503 -13.529 -9.543 -13.453 -13.042 -13.544 -14.104 -14.003 -14.153 -13.718 -13.004 -11.699 -11.738 -11.075 -10.282
10.45 -8.688 0.569 -9.19 -5.654 -10.277 -11.626 1.146 -0.06 1.067 3.04 5.332 4.083 -4.685 -6.198 -7.568 -7.941 -10.13 -10.678 -12.527 -12.983 -13.334 -13.43 -13.477 -9.394 -13.435 -12.961 -13.49 -14.067 -13.961 -14.123 -13.685 -12.963 -11.477 -11.93 -11.001 -10.289
10.55 -8.702 0.577 -9.204 -5.692 -10.293 -11.605 1.182 -0.053 1.08 2.922 5.405 4.194 -4.17 -6.283 -7.771 -8.156 -10.158 -10.682 -12.502 -12.962 -13.313 -13.375 -13.386 -9.488 -13.393 -12.937 -13.423 -14.027 -13.925 -14.095 -13.651 -12.91 -11.462 -11.757 -10.954 -10.463
10.65 -8.684 0.578 -9.186 -5.879 -10.268 -11.605 1.199 -0.031 1.072 3.029 5.457 2.598 -4.978 -6.424 -7.692 -8.053 -10.14 -10.644 -12.474 -12.906 -13.239 -13.323 -13.377 -9.474 -13.36 -12.881 -13.397 -14.002 -13.918 -14.068 -13.619 -12.864 -11.356 -11.731 -10.964 -10.541
10.75 -8.659 0.618 -9.161 -5.893 -10.242 -11.54 1.2 0.003 1.125 2.908 5.384 3.841 -4.362 -6.462 -7.906 -8.29 -10.096 -10.615 -12.394 -12.838 -13.182 -13.239 -13.289 -9.474 -13.331 -12.828 -13.308 -13.963 -13.87 -14.043 -13.589 -12.824 -11.299 -11.621 -11.045 -10.703
10.85 -8.632 0.648 -9.135 -5.732 -10.22 -11.506 1.257 0.032 1.149 2.985 5.471 4.255 -4.279 -6.306 -7.672 -8.052 -10.142 -10.614 -12.34 -12.775 -13.111 -13.179 -13.226 -9.449 -13.284 -12.751 -13.252 -13.918 -13.841 -14.017 -13.55 -12.737 -11.357 -11.669 -11.131 -10.352
10.95 -8.596 0.68 -9.099 -5.572 -10.187 -11.474 1.278 0.067 1.179 3.068 5.445 3.92 -4.569 -6.162 -7.79 -8.177 -10.049 -10.554 -12.259 -12.718 -13.048 -13.11 -13.109 -9.422 -13.273 -12.689 -13.146 -13.884 -13.807 -13.987 -13.525 -12.73 -11.251 -11.753 -10.987 -10.814
11.05 -8.536 0.727 -9.038 -5.819 -10.116 -11.429 1.301 0.11 1.23 3.196 5.519 4.207 -4.642 -6.347 -7.58 -7.948 -9.997 -10.518 -12.208 -12.655 -12.984 -13.036 -13.048 -9.261 -13.238 -12.639 -13.079 -13.844 -13.806 -13.948 -13.479 -12.666 -11.17 -11.709 -11.047 -10.622
11.15 -8.553 0.713 -9.055 -5.974 -10.132 -11.394 1.33 0.116 1.236 3.054 5.076 -2.857 -4.788 -6.514 -7.763 -8.149 -10.057 -10.515 -12.149 -12.585 -12.9 -12.985 -13.004 -9.347 -13.182 -12.563 -13.031 -13.798 -13.775 -13.893 -13.421 -12.599 -11.15 -11.711 -10.936 -10.801
11.25 -8.501 0.77 -9.003 -5.683 -10.084 -11.342 1.365 0.165 1.273 3.278 5.691 4.269 -4.719 -6.231 -7.57 -7.96 -10.029 -10.48 -12.128 -12.542 -12.862 -12.937 -12.959 -9.279 -13.149 -12.523 -12.98 -13.763 -13.759 -13.845 -13.375 -12.564 -11.056 -11.669 -10.968 -10.666
11.35 -8.473 0.8 -8.975 -5.662 -10.055 -11.266 1.415 0.223 1.328 3.144 0.141 -2.802 -4.002 -6.214 -7.688 -8.087 -10.031 -10.431 -12.073 -12.49 -12.814 -12.85 -12.823 -9.375 -13.133 -12.463 -12.875 -13.721 -13.716 -13.848 -13.361 -12.484 -11.064 -11.648 -10.915 -10.888
11.45 -8.48 0.809 -8.982 -5.487 -10.07 -11.251 1.431 0.207 1.312 3.122 5.433 4.324 -4.483 -6.056 -7.563 -7.942 -10.105 -10.481 -12.008 -12.43 -12.747 -12.781 -12.761 -9.355 -13.119 -12.399 -12.805 -13.693 -13.68 -13.818 -13.333 -12.461 -11.047 -11.798 -10.99 -10.899
11.55 -8.426 0.879 -8.929 -5.526 -10.014 -11.166 1.501 0.282 1.395 3.143 5.663 2.804 -4.463 -6.104 -7.674 -8.067 -10.029 -10.416 -11.906 -12.366 -12.707 -12.757 -12.758 -9.385 -13.05 -12.341 -12.791 -13.665 -13.644 -13.818 -13.323 -12.409 -11.056 -11.52 -10.845 -10.811
11.65 -8.405 0.897 -8.908 -5.448 -9.991 -11.129 1.512 0.298 1.395 3.187 5.606 4.5 -4.121 -6.007 -7.456 -7.838 -10.089 -10.422 -11.882 -12.317 -12.647 -12.675 -12.661 -9.338 -13.043 -12.305 -12.699 -13.627 -13.62 -13.773 -13.272 -12.341 -10.901 -11.72 -10.801 -10.893
11.75 -8.408 0.89 -8.91 -5.973 -9.979 -11.09 1.526 0.314 1.412 3.104 5.379 4.078 -5.081 -6.504 -7.76 -8.113 -10.045 -10.384 -11.83 -12.264 -12.594 -12.613 -12.571 -9.332 -13.006 -12.232 -12.631 -13.585 -13.583 -13.718 -13.227 -12.332 -10.838 -11.596 -10.988 -10.977
11.85 -8.38 0.927 -8.882 -5.916 -9.95 -11.073 1.561 0.344 1.441 3.064 5.462 4.435 -4.66 -6.455 -7.725 -8.106 -10.007 -10.363 -11.783 -12.201 -12.527 -12.546 -12.525 -9.335 -12.97 -12.21 -12.567 -13.549 -13.535 -13.71 -13.201 -12.239 -10.754 -11.567 -10.864 -10.955
11.95 -8.383 0.887 -8.885 -5.746 -9.961 -11.14 1.483 0.315 1.416 3.192 4.02 -3.644 -4.653 -6.295 -7.651 -8.05 -9.936 -10.373 -11.803 -12.178 -12.475 -12.472 -12.434 -9.303 -12.941 -12.17 -12.483 -13.521 -13.545 -13.672 -13.169 -12.231 -10.721 -11.481 -10.838 -11.028
12.05 -8.39 0.886 -8.893 -5.558 -9.976 -11.101 1.498 0.301 1.408 3.149 4.484 -2.875 -4.675 -6.113 -7.547 -7.907 -10.055 -10.421 -11.645 -12.05 -12.351 -12.354 -12.31 -9.267 -12.93 -12.026 -12.377 -13.481 -13.507 -13.654 -13.148 -12.19 -10.755 -11.537 -10.727 -10.951
12.15 -8.397 0.909 -8.899 -5.733 -9.974 -11.068 1.527 0.315 1.427 3.148 5.68 4.46 -4.588 -6.275 -7.553 -7.927 -10.107 -10.432 -11.646 -12.044 -12.349 -12.339 -12.25 -9.337 -12.9 -12.026 -12.318 -13.456 -13.49 -13.634 -13.115 -12.116 -10.711 -11.365 -10.797 -11.124
12.25 -8.354 0.956 -8.857 -5.563 -9.938 -11.06 1.583 0.358 1.468 3.171 5.474 4.528 -4.142 -6.134 -7.621 -8.026 -9.997 -10.361 -11.606 -11.979 -12.263 -12.264 -12.192 -9.321 -12.867 -11.961 -12.236 -13.41 -13.443 -13.59 -13.085 -12.155 -10.605 -11.451 -10.632 -11.136
12.35 -8.341 0.956 -8.843 -6.034 -9.906 -10.957 1.579 0.398 1.494 3.335 5.106 -2.883 -5.119 -6.565 -7.759 -8.132 -10.002 -10.319 -11.532 -11.913 -12.207 -12.192 -12.084 -9.306 -12.847 -11.917 -12.148 -13.379 -13.395 -13.59 -13.053 -11.982 -10.489 -11.55 -10.686 -11.167
12.45 -8.345 0.981 -8.848 -5.841 -9.92 -10.948 1.62 0.398 1.503 3.248 5.317 4.533 -4.423 -6.396 -7.691 -8.097 -10.047 -10.349 -11.484 -11.846 -12.132 -12.1 -12.007 -9.36 -12.815 -11.834 -12.076 -13.345 -13.364 -13.559 -13.014 -11.901 -10.527 -11.502 -10.759 -11.068
12.55 -8.282 1.025 -8.785 -5.741 -9.856 -10.893 1.629 0.435 1.54 3.241 5.642 4.512 -4.513 -6.281 -7.522 -7.903 -10.007 -10.316 -11.452 -11.811 -12.117 -12.056 -11.951 -9.241 -12.806 -11.796 -12.033 -13.325 -13.342 -13.549 -13.017 -11.957 -10.483 -11.483 -10.741 -11.225
12.65 -8.268 0.986 -8.77 -5.891 -9.834 -10.854 1.6 0.464 1.586 3.162 -2.099 -2.559 -4.874 -6.404 -7.658 -8.027 -9.975 -10.29 -11.305 -11.72 -12.028 -11.991 -11.862 -9.254 -12.777 -11.691 -11.954 -13.287 -13.274 -13.531 -12.991 -11.897 -10.52 -11.453 -10.766 -11.058
12.75 -8.269 1.039 -8.771 -5.873 -9.839 -10.866 1.649 0.454 1.577 3.233 5.509 4.539 -4.744 -6.412 -7.656 -8.022 -9.965 -10.292 -11.247 -11.649 -11.946 -11.914 -11.83 -9.218 -12.755 -11.619 -11.897 -13.237 -13.211 -13.515 -12.954 -11.76 -10.361 -11.505 -10.746 -11.112
12.85 -8.243 1.028 -8.746 -5.58 -9.822 -10.831 1.68 0.486 1.587 3.206 2.983 -3.791 -4.392 -6.116 -7.556 -7.944 -9.985 -10.267 -11.255 -11.594 -11.862 -11.786 -11.675 -9.235 -12.709 -11.584 -11.77 -13.207 -13.198 -13.476 -12.919 -11.746 -10.343 -11.429 -10.628 -11.006
12.95 -8.267 1.048 -8.77 -5.665 -9.846 -10.784 1.694 0.482 1.589 3.206 4.842 -2.57 -4.357 -6.218 -7.62 -8.009 -10.051 -10.3 -11.22 -11.553 -11.817 -11.754 -11.641 -9.291 -12.672 -11.563 -11.724 -13.175 -13.148 -13.427 -12.866 -11.672 -10.381 -11.43 -10.48 -11.18
13.05 -8.269 0.926 -8.771 -5.868 -9.837 -10.84 1.584 0.462 1.573 3.214 -2.07 -3.241 -4.884 -6.392 -7.696 -8.067 -9.98 -10.288 -11.16 -11.492 -11.756 -11.636 -11.494 -9.211 -12.673 -11.479 -11.586 -13.143 -13.102 -13.434 -12.866 -11.637 -10.311 -11.379 -10.455 -11.147
13.15 -8.252 1.052 -8.754 -5.87 -9.819 -10.74 1.708 0.506 1.609 3.127 2.602 -2.5 -4.747 -6.392 -7.636 -7.999 -10.052 -10.287 -11.049 -11.392 -11.652 -11.587 -11.471 -9.257 -12.675 -11.367 -11.55 -13.127 -13.086 -13.421 -12.852 -11.623 -10.191 -11.391 -10.642 -11.281
13.25 -8.234 1.085 -8.736 -5.702 -9.807 -10.737 1.72 0.512 1.614 3.258 5.605 1.721 -4.559 -6.25 -7.501 -7.868 -10.041 -10.284 -11.062 -11.369 -11.604 -11.554 -11.454 -9.208 -12.653 -11.363 -11.491 -13.094 -13.06 -13.412 -12.844 -11.615 -10.148 -11.404 -10.577 -11.231
13.35 -8.265 1.04 -8.768 -5.674 -9.843 -10.773 1.692 0.474 1.59 3.454 3.518 -2.506 -4.749 -6.236 -7.669 -8.061 -10.025 -10.307 -10.943 -11.289 -11.539 -11.515 -11.42 -9.276 -12.633 -11.257 -11.449 -13.068 -13.017 -13.381 -12.81 -11.558 -10.192 -11.314 -10.691 -11.183
13.45 -8.246 1.086 -8.749 -5.937 -9.809 -10.729 1.71 0.514 1.616 3.221 5.28 4.583 -4.81 -6.462 -7.647 -8.012 -10.023 -10.28 -10.973 -11.265 -11.488 -11.408 -11.259 -9.294 -12.62 -11.26 -11.331 -13.049 -12.975 -13.362 -12.79 -11.546 -10.134 -11.385 -10.61 -11.323
13.55 -8.196 1.075 -8.698 -5.807 -9.763 -10.701 1.724 0.555 1.652 3.437 -1.835 -2.277 -4.482 -6.341 -7.577 -7.978 -9.97 -10.23 -10.965 -11.242 -11.471 -11.348 -11.196 -9.176 -12.566 -11.203 -11.286 -13.004 -12.931 -13.342 -12.761 -11.469 -10.158 -11.194 -10.324 -11.184
13.65 -8.225 1.032 -8.727 -5.921 -9.788 -10.735 1.668 0.51 1.62 3.44 -1.823 -2.239 -5.233 -6.43 -7.606 -7.953 -9.998 -10.272 -10.836 -11.172 -11.408 -11.295 -11.106 -9.179 -12.597 -11.126 -11.204 -13.003 -12.934 -13.345 -12.76 -11.448 -10.025 -11.28 -10.415 -11.294
13.75 -8.178 1.125 -8.68 -5.577 -9.753 -10.653 1.759 0.577 1.691 3.294 -0.616 -2.388 -4.337 -6.128 -7.553 -7.943 -9.977 -10.227 -10.816 -11.126 -11.358 -11.266 -11.067 -9.184 -12.581 -11.109 -11.147 -12.984 -12.906 -13.342 -12.743 -11.34 -9.918 -11.323 -10.565 -11.402
13.85 -8.173 1.15 -8.676 -5.308 -9.758 -10.713 1.753 0.556 1.68 3.314 5.715 4.652 -3.956 -5.896 -7.472 -7.86 -9.942 -10.236 -10.793 -11.092 -11.314 -11.205 -11.014 -9.196 -12.533 -11.073 -11.085 -12.936 -12.826 -13.282 -12.689 -11.33 -9.923 -11.256 -10.307 -11.401
13.95 -8.177 1.131 -8.68 -5.54 -9.754 -10.704 1.758 0.554 1.682 3.386 5.645 -2.185 -4.145 -6.096 -7.478 -7.874 -9.96 -10.239 -10.782 -11.074 -11.289 -11.184 -10.995 -9.154 -12.552 -11.033 -11.083 -12.932 -12.787 -13.269 -12.673 -11.296 -9.952 -11.279 -10.568 -11.426
14.05 -8.176 1.114 -8.679 -5.645 -9.75 -10.594 1.76 0.597 1.71 3.162 -1.666 -3.018 -4.747 -6.182 -7.604 -7.962 -10.016 -10.219 -10.677 -10.952 -11.141 -11.049 -10.925 -9.234 -12.511 -10.902 -10.985 -12.901 -12.776 -13.273 -12.668 -11.243 -9.874 -11.28 -10.568 -11.151
14.15 -8.153 1.145 -8.656 -5.66 -9.724 -10.605 1.743 0.591 1.705 3.429 1.75 -2.943 -4.372 -6.194 -7.521 -7.918 -9.955 -10.208 -10.667 -10.962 -11.183 -11.044 -10.829 -9.14 -12.5 -10.958 -10.918 -12.877 -12.75 -13.249 -12.646 -11.217 -9.742 -11.258 -10.536 -11.305
14.25 -8.159 1.148 -8.662 -5.551 -9.735 -10.666 1.76 0.572 1.692 3.397 5.398 -2.12 -4.241 -6.109 -7.509 -7.91 -9.933 -10.215 -10.609 -10.902 -11.104 -11.013 -10.863 -9.129 -12.505 -10.842 -10.932 -12.864 -12.702 -13.222 -12.624 -11.219 -9.858 -11.171 -10.357 -11.581
14.35 -8.137 1.171 -8.64 -5.809 -9.699 -10.57 1.83 0.632 1.757 3.286 -0.628 -2.299 -4.526 -6.325 -7.567 -7.941 -9.95 -10.181 -10.6 -10.857 -11.046 -10.988 -10.907 -9.168 -12.483 -10.87 -10.917 -12.844 -12.691 -13.198 -12.608 -11.268 -9.609 -11.257 -10.563 -11.403
14.45 -8.158 -0.642 -8.661 -5.606 -9.731 -10.67 1.769 0.567 1.623 -1.815 2.781 -2.32 -4.231 -6.158 -7.53 -7.903 -9.934 -10.218 -10.608 -10.858 -11.043 -10.938 -10.776 -9.159 -12.451 -10.829 -10.83 -12.808 -12.655 -13.133 -12.545 -11.208 -9.768 -11.241 -10.381 -11.357
14.55 -8.073 1.221 -8.575 -5.816 -9.634 -10.592 1.854 0.655 1.776 3.601 5.589 -2.232 -4.938 -6.34 -7.499 -7.861 -9.809 -10.112 -10.588 -10.851 -11.046 -10.931 -10.759 -9.005 -12.438 -10.826 -10.825 -12.804 -12.635 -13.17 -12.564 -11.117 -9.836 -11.041 -10.42 -11.494
14.65 -8.148 1.153 -8.65 -5.961 -9.707 -10.649 1.794 0.594 1.708 3.474 5.483 -2.318 -4.91 -6.492 -7.607 -7.998 -9.882 -10.181 -10.56 -10.793 -10.949 -10.884 -10.773 -9.127 -12.433 -10.739 -10.821 -12.78 -12.631 -13.156 -12.536 -10.999 -9.603 -11.096 -10.398 -11.441
14.75 -8.087 1.213 -8.59 -5.746 -9.654 -10.582 1.821 0.647 1.781 3.429 0.864 -1.963 -4.742 -6.276 -7.521 -7.88 -9.837 -10.137 -10.484 -10.789 -10.993 -10.879 -10.739 -9.083 -12.417 -10.747 -10.765 -12.763 -12.603 -13.116 -12.504 -11.023 -9.645 -11.153 -10.475 -11.474
14.85 -8.058 1.212 -8.56 -5.81 -9.619 -10.535 1.835 0.684 1.802 3.569 -1.631 -2.902 -4.992 -6.314 -7.481 -7.855 -9.816 -10.106 -10.438 -10.704 -10.897 -10.8 -10.683 -9.043 -12.415 -10.71 -10.696 -12.742 -12.553 -13.12 -12.517 -11.099 -9.595 -11.25 -10.324 -11.383
14.95 -8.101 1.213 -8.604 -5.755 -9.665 -10.543 1.858 0.65 1.765 3.425 5.611 -1.751 -4.554 -6.291 -7.498 -7.878 -9.909 -10.157 -10.438 -10.737 -10.926 -10.875 -10.749 -9.099 -12.384 -10.663 -10.796 -12.718 -12.559 -13.07 -12.469 -11.065 -9.697 -11.012 -10.373 -11.451
15.05 -8.083 1.251 -8.585 -5.88 -9.643 -10.458 1.885 0.688 1.804 3.498 5.549 3.243 -4.676 -6.425 -7.613 -8.012 -9.88 -10.112 -10.429 -10.714 -10.927 -10.792 -10.576 -9.124 -12.361 -10.714 -10.628 -12.709 -12.551 -13.075 -12.46 -10.965 -9.57 -11.153 -10.391 -11.426
15.15 -8.044 1.278 -8.547 -5.81 -9.603 -10.493 1.912 0.713 1.831 3.5 5.594 4.769 -4.617 -6.343 -7.517 -7.902 -9.828 -10.084 -10.404 -10.683 -10.87 -10.783 -10.621 -9.063 -12.39 -10.619 -10.682 -12.698 -12.527 -13.079 -12.477 -11.055 -9.674 -11.06 -10.297 -11.615
15.25 -8.035 1.26 -8.537 -5.804 -9.594 -10.494 1.885 0.702 1.825 3.539 2.951 -2.232 -4.187 -6.335 -7.436 -7.838 -9.817 -10.09 -10.388 -10.654 -10.834 -10.747 -10.609 -8.97 -12.342 -10.625 -10.619 -12.664 -12.471 -13.038 -12.437 -11.003 -9.561 -11.015 -10.316 -11.49
15.35 -8.043 1.262 -8.546 -5.525 -9.615 -10.537 1.85 0.676 1.798 3.523 5.682 4.678 -4.565 -6.06 -7.318 -7.68 -9.845 -10.118 -10.359 -10.622 -10.789 -10.711 -10.528 -8.978 -12.373 -10.566 -10.572 -12.673 -12.489 -13.029 -12.433 -11.04 -9.666 -11.029 -10.466 -11.572
15.45 -8.062 1.274 -8.564 -5.753 -9.627 -10.467 1.907 0.707 1.834 3.384 5.588 4.803 -4.603 -6.303 -7.589 -7.962 -9.858 -10.104 -10.319 -10.6 -10.796 -10.709 -10.58 -9.09 -12.331 -10.565 -10.593 -12.658 -12.488 -13.015 -12.417 -11.031 -9.608 -11.007 -10.302 -11.496
15.55 -8.051 1.275 -8.553 -5.834 -9.611 -10.453 1.909 0.708 1.82 3.579 5.632 4.745 -4.827 -6.364 -7.499 -7.862 -9.862 -10.098 -10.326 -10.587 -10.765 -10.69 -10.586 -9.059 -12.319 -10.541 -10.622 -12.64 -12.436 -13.019 -12.412 -10.967 -9.607 -11.063 -10.208 -11.501
15.65 -8.02 1.309 -8.523 -5.623 -9.589 -10.454 1.933 0.735 1.856 3.502 5.75 4.794 -4.566 -6.169 -7.446 -7.816 -9.829 -10.076 -10.244 -10.525 -10.698 -10.64 -10.545 -9.07 -12.352 -10.437 -10.572 -12.621 -12.404 -12.998 -12.4 -11.013 -9.68 -11.14 -10.367 -11.569
15.75 -7.991 1.27 -8.493 -5.928 -9.544 -10.398 1.923 0.769 1.882 3.613 -1.366 -3.227 -5.102 -6.428 -7.418 -7.773 -9.798 -10.044 -10.269 -10.536 -10.737 -10.602 -10.428 -8.99 -12.316 -10.521 -10.468 -12.615 -12.424 -12.967 -12.367 -10.974 -9.647 -11.103 -10.271 -11.53
15.85 -7.998 1.307 -8.5 -5.698 -9.56 -10.472 1.925 0.736 1.86 3.581 5.675 -0.766 -4.55 -6.22 -7.291 -7.662 -9.807 -10.076 -10.249 -10.47 -10.608 -10.531 -10.446 -8.967 -12.312 -10.403 -10.482 -12.597 -12.427 -12.973 -12.364 -10.906 -9.556 -11.049 -10.293 -11.568
15.95 -7.983 1.311 -8.486 -5.473 -9.558 -10.393 1.958 0.772 1.888 3.592 -1.594 -2.083 -4.33 -6.027 -7.416 -7.817 -9.807 -10.034 -10.242 -10.489 -10.666 -10.585 -10.474 -8.998 -12.291 -10.425 -10.525 -12.577 -12.353 -12.958 -12.341 -10.823 -9.436 -11.108 -10.334 -11.495
16.05 -7.977 1.344 -8.48 -5.593 -9.544 -10.383 1.987 0.77 1.892 3.628 5.668 4.804 -4.26 -6.125 -7.345 -7.737 -9.82 -10.05 -10.159 -10.414 -10.576 -10.509 -10.446 -8.99 -12.297 -10.359 -10.462 -12.549 -12.304 -12.952 -12.345 -10.901 -9.592 -11.023 -10.164 -11.604
16.15 -7.931 1.395 -8.433 -5.686 -9.491 -10.318 2.014 0.825 1.941 3.583 5.585 4.734 -4.744 -6.214 -7.424 -7.785 -9.751 -9.974 -10.145 -10.434 -10.616 -10.503 -10.352 -8.945 -12.28 -10.369 -10.41 -12.556 -12.332 -12.93 -12.332 -10.936 -9.479 -11.079 -10.187 -11.563
16.25 -7.922 1.385 -8.425 -5.583 -9.488 -10.318 2.027 0.824 1.934 3.707 5.849 -0.78 -4.787 -6.114 -7.286 -7.64 -9.773 -9.999 -10.109 -10.359 -10.547 -10.436 -10.318 -8.923 -12.218 -10.298 -10.365 -12.512 -12.325 -12.904 -12.295 -10.811 -9.353 -10.916 -10.223 -11.447
16.35 -7.93 1.345 -8.433 -5.637 -9.494 -10.339 1.958 0.827 1.955 3.595 -1.573 -2.014 -4.491 -6.167 -7.421 -7.811 -9.728 -9.983 -10.121 -10.39 -10.583 -10.497 -10.373 -8.949 -12.23 -10.336 -10.409 -12.505 -12.272 -12.901 -12.285 -10.759 -9.352 -10.889 -10.281 -11.555
16.45 -7.967 1.34 -8.47 -5.806 -9.521 -10.358 1.987 0.795 1.91 3.489 5.478 -2.009 -4.897 -6.323 -7.426 -7.775 -9.79 -10.027 -10.083 -10.345 -10.52 -10.438 -10.312 -8.992 -12.235 -10.265 -10.364 -12.491 -12.267 -12.877 -12.272 -10.829 -9.406 -10.972 -10.139 -11.595
16.55 -7.948 1.382 -8.45 -5.754 -9.508 -10.344 2.04 0.823 1.945 3.641 5.822 -0.53 -4.474 -6.296 -7.488 -7.888 -9.733 -9.976 -10.117 -10.375 -10.545 -10.476 -10.365 -8.966 -12.223 -10.315 -10.398 -12.476 -12.26 -12.858 -12.26 -10.88 -9.36 -10.947 -10.15 -11.583
16.65 -7.875 1.416 -8.377 -5.77 -9.43 -10.31 2.047 0.872 2.005 3.771 -1.36 -1.835 -4.498 -6.285 -7.351 -7.726 -9.651 -9.925 -10.052 -10.316 -10.478 -10.411 -10.315 -8.876 -12.193 -10.284 -10.32 -12.451 -12.236 -12.827 -12.226 -10.822 -9.381 -10.825 -10.207 -11.529
16.75 -7.865 1.465 -8.367 -5.703 -9.419 -10.247 2.12 0.899 2.022 3.516 5.604 4.937 -4.584 -6.23 -7.436 -7.807 -9.669 -9.897 -10.022 -10.306 -10.491 -10.429 -10.33 -8.87 -12.189 -10.221 -10.375 -12.446 -12.236 -12.835 -12.23 -10.79 -9.429 -10.894 -10.296 -11.488
16.85 -7.899 1.418 -8.402 -5.621 -9.46 -10.272 2.035 0.851 1.975 3.623 5.606 -1.915 -4.639 -6.148 -7.363 -7.733 -9.725 -9.955 -9.979 -10.269 -10.448 -10.383 -10.243 -8.903 -12.202 -10.222 -10.281 -12.434 -12.174 -12.837 -12.229 -10.775 -9.383 -10.998 -10.097 -11.555
16.95 -7.864 1.449 -8.366 -5.6 -9.426 -10.258 2.07 0.889 2.008 3.649 5.637 -1.811 -4.656 -6.127 -7.231 -7.606 -9.695 -9.941 -9.953 -10.269 -10.46 -10.389 -10.232 -8.899 -12.179 -10.191 -10.243 -12.422 -12.176 -12.806 -12.193 -10.714 -9.222 -10.92 -10.314 -11.538
17.05 -7.842 1.482 -8.345 -5.492 -9.405 -10.212 2.111 0.917 2.052 3.573 5.702 2.131 -3.743 -6.03 -7.248 -7.652 -9.7 -9.913 -9.929 -10.235 -10.437 -10.341 -10.207 -8.841 -12.176 -10.153 -10.247 -12.416 -12.148 -12.795 -12.186 -10.729 -9.268 -10.951 -10.156 -11.628
17.15 -7.837 1.479 -8.34 -5.617 -9.395 -10.198 2.108 0.927 2.043 3.68 4.172 -1.74 -4.281 -6.146 -7.304 -7.695 -9.668 -9.895 -9.946 -10.221 -10.397 -10.332 -10.264 -8.84 -12.162 -10.149 -10.299 -12.391 -12.116 -12.806 -12.198 -10.732 -9.197 -10.91 -10.148 -11.518
17.25 -7.854 1.449 -8.356 -5.86 -9.399 -10.223 2.096 0.911 2.032 3.675 5.509 -1.725 -4.877 -6.365 -7.345 -7.697 -9.687 -9.911 -9.963 -10.222 -10.403 -10.318 -10.198 -8.82 -12.142 -10.149 -10.233 -12.379 -12.104 -12.769 -12.16 -10.691 -9.219 -10.901 -9.992 -11.604
17.35 -7.798 1.505 -8.3 -5.85 -9.342 -10.123 2.147 0.986 2.1 3.662 5.131 -2.316 -4.962 -6.363 -7.456 -7.812 -9.597 -9.816 -9.91 -10.196 -10.404 -10.298 -10.162 -8.8 -12.137 -10.149 -10.173 -12.376 -12.089 -12.774 -12.173 -10.747 -9.41 -10.898 -10.02 -11.595
17.45 -7.819 1.493 -8.321 -5.682 -9.374 -10.204 2.111 0.943 2.06 3.772 5.15 -1.648 -4.756 -6.2 -7.338 -7.698 -9.62 -9.86 -9.914 -10.204 -10.384 -10.286 -10.109 -8.828 -12.13 -10.103 -10.183 -12.36 -12.094 -12.733 -12.134 -10.732 -9.342 -10.876 -10.14 -11.521
17.55 -7.786 1.541 -8.289 -5.615 -9.342 -10.154 2.16 0.983 2.113 3.731 5.879 4.892 -4.651 -6.143 -7.207 -7.562 -9.623 -9.855 -9.852 -10.112 -10.289 -10.175 -10.098 -8.829 -12.117 -10.065 -10.111 -12.343 -12.061 -12.723 -12.128 -10.752 -9.257 -10.809 -10.115 -11.666
17.65 -7.765 1.555 -8.268 -5.523 -9.327 -10.154 2.184 0.991 2.121 3.829 5.945 -1.705 -4.357 -6.064 -7.251 -7.649 -9.562 -9.815 -9.852 -10.134 -10.321 -10.229 -10.126 -8.783 -12.109 -10.064 -10.148 -12.325 -12.046 -12.712 -12.105 -10.664 -9.251 -10.93 -10.02 -11.586
17.75 -7.716 1.613 -8.218 -5.623 -9.269 -10.096 2.219 1.049 2.173 3.872 5.863 5.003 -4.488 -6.157 -7.274 -7.65 -9.502 -9.754 -9.786 -10.098 -10.297 -10.21 -10.096 -8.794 -12.093 -10.029 -10.132 -12.319 -12.052 -12.705 -12.104 -10.69 -9.395 -10.89 -9.856 -11.608
17.85 -7.743 1.547 -8.246 -5.536 -9.302 -10.166 2.168 1.005 2.123 3.81 2.273 -2.929 -4.5 -6.063 -7.267 -7.657 -9.509 -9.784 -9.801 -10.064 -10.235 -10.192 -10.091 -8.729 -12.093 -9.947 -10.133 -12.299 -12.014 -12.693 -12.083 -10.604 -9.28 -10.852 -9.963 -11.655
17.95 -7.737 1.573 -8.24 -5.508 -9.295 -10.137 2.208 1.012 2.127 3.839 5.489 -1.772 -4.273 -6.032 -7.133 -7.524 -9.564 -9.813 -9.76 -10.027 -10.171 -10.101 -10.068 -8.736 -12.079 -9.956 -10.08 -12.28 -11.994 -12.657 -12.063 -10.703 -9.121 -10.85 -10.116 -11.606
18.05 -7.696 1.627 -8.198 -5.723 -9.239 -10.052 2.268 1.08 2.206 3.777 5.707 2.401 -4.475 -6.242 -7.252 -7.643 -9.493 -9.726 -9.776 -10.085 -10.276 -10.206 -10.093 -8.714 -12.063 -10.024 -10.126 -12.279 -11.969 -12.666 -12.06 -10.61 -9.332 -10.829 -10.02 -11.594
18.15 -7.695 1.628 -8.197 -5.618 -9.245 -10.0 2.268 1.087 2.2 3.799 5.646 -1.759 -4.469 -6.141 -7.273 -7.652 -9.526 -9.729 -9.735 -10.018 -10.205 -10.097 -10.021 -8.743 -12.084 -10.014 -10.016 -12.283 -11.99 -12.652 -12.051 -10.645 -9.216 -10.806 -10.08 -11.737
18.25 -7.673 1.665 -8.176 -5.525 -9.23 -10.006 2.281 1.108 2.227 3.781 5.988 5.119 -4.408 -6.06 -7.259 -7.632 -9.489 -9.707 -9.711 -10.011 -10.209 -10.128 -10.029 -8.746 -12.038 -9.962 -10.044 -12.249 -11.969 -12.642 -12.032 -10.559 -9.229 -10.736 -9.867 -11.627
18.35 -7.66 1.659 -8.162 -5.561 -9.212 -10.037 2.278 1.101 2.219 3.879 5.982 4.47 -4.263 -6.088 -7.168 -7.558 -9.467 -9.711 -9.687 -9.968 -10.141 -10.061 -9.925 -8.654 -12.045 -9.888 -9.962 -12.235 -11.929 -12.634 -12.021 -10.516 -9.211 -10.831 -10.047 -11.679
18.45 -7.673 1.652 -8.176 -5.699 -9.217 -9.995 2.286 1.111 2.224 3.72 5.582 -1.757 -4.543 -6.216 -7.297 -7.676 -9.484 -9.705 -9.707 -9.963 -10.148 -10.055 -9.945 -8.708 -12.012 -9.904 -9.986 -12.226 -11.946 -12.604 -12.002 -10.57 -9.173 -10.814 -9.972 -11.613
18.55 -7.653 1.656 -8.155 -5.585 -9.204 -10.028 2.278 1.104 2.222 3.92 5.852 0.867 -4.729 -6.098 -7.114 -7.462 -9.476 -9.712 -9.698 -9.984 -10.154 -10.084 -9.979 -8.655 -12.037 -9.901 -10.017 -12.231 -11.898 -12.626 -12.021 -10.577 -9.251 -10.819 -10.056 -11.589
18.65 -7.609 1.69 -8.112 -5.47 -9.166 -10.036 2.31 1.133 2.256 4.026 5.5 -2.356 -4.318 -6.002 -7.151 -7.54 -9.379 -9.651 -9.662 -9.911 -10.066 -10.0 -9.991 -8.605 -12.044 -9.853 -10.003 -12.218 -11.881 -12.605 -12.008 -10.629 -9.263 -10.814 -10.014 -11.647
18.75 -7.595 1.677 -8.097 -5.608 -9.14 -9.968 2.323 1.16 2.29 3.929 -0.782 -2.186 -4.567 -6.109 -7.165 -7.545 -9.385 -9.633 -9.614 -9.918 -10.118 -10.056 -9.936 -8.593 -12.014 -9.835 -9.956 -12.194 -11.864 -12.574 -11.967 -10.518 -9.239 -10.749 -9.971 -11.701
18.85 -7.614 1.713 -8.117 -5.6 -9.162 -9.969 2.343 1.161 2.279 3.949 6.014 4.667 -4.416 -6.129 -7.212 -7.593 -9.406 -9.649 -9.649 -9.897 -10.046 -9.977 -9.917 -8.647 -12.005 -9.842 -9.927 -12.191 -11.869 -12.575 -11.983 -10.619 -9.045 -10.75 -10.014 -11.629
18.95 -7.6 1.729 -8.102 -5.665 -9.141 -9.945 2.336 1.175 2.301 3.94 5.822 -0.284 -4.497 -6.181 -7.191 -7.572 -9.391 -9.633 -9.573 -9.875 -10.078 -9.982 -9.882 -8.643 -12.001 -9.811 -9.897 -12.169 -11.83 -12.556 -11.949 -10.504 -9.139 -10.786 -9.936 -11.636
19.05 -7.58 1.727 -8.082 -5.655 -9.121 -9.931 2.343 1.183 2.303 3.895 5.722 -1.576 -4.6 -6.167 -7.165 -7.528 -9.375 -9.618 -9.524 -9.826 -10.014 -9.949 -9.877 -8.589 -12.008 -9.757 -9.902 -12.167 -11.805 -12.54 -11.945 -10.575 -9.189 -10.744 -10.119 -11.675
19.15 -7.584 1.728 -8.086 -5.608 -9.129 -9.957 2.358 1.192 2.309 3.785 -0.739 -1.27 -4.501 -6.123 -7.227 -7.588 -9.349 -9.608 -9.595 -9.893 -10.07 -9.993 -9.833 -8.625 -11.968 -9.83 -9.865 -12.148 -11.814 -12.527 -11.918 -10.446 -9.205 -10.777 -10.053 -11.613
19.25 -7.568 1.742 -8.07 -5.779 -9.099 -9.952 2.338 1.186 2.312 3.919 5.731 5.135 -4.72 -6.283 -7.173 -7.536 -9.325 -9.6 -9.526 -9.779 -9.932 -9.851 -9.781 -8.512 -11.986 -9.728 -9.775 -12.129 -11.778 -12.525 -11.914 -10.446 -9.129 -10.677 -10.141 -11.692
19.35 -7.5 1.822 -8.002 -5.63 -9.037 -9.839 2.43 1.286 2.4 4.057 5.747 -1.634 -4.521 -6.146 -7.137 -7.508 -9.273 -9.522 -9.523 -9.808 -10.004 -9.915 -9.866 -8.542 -11.973 -9.72 -9.91 -12.13 -11.739 -12.541 -11.941 -10.521 -9.075 -10.757 -9.945 -11.685
19.45 -7.507 1.799 -8.008 -5.755 -9.037 -9.835 2.459 1.281 2.391 4.031 5.021 -1.422 -4.725 -6.261 -7.177 -7.533 -9.289 -9.519 -9.444 -9.785 -9.974 -9.945 -9.868 -8.536 -11.938 -9.673 -9.904 -12.118 -11.801 -12.523 -11.914 -10.444 -9.066 -10.701 -9.792 -11.622
19.55 -7.494 1.839 -7.996 -5.565 -9.035 -9.821 2.465 1.29 2.405 4.032 5.992 -1.303 -4.432 -6.091 -7.189 -7.581 -9.253 -9.495 -9.464 -9.747 -9.907 -9.875 -9.869 -8.511 -11.927 -9.66 -9.858 -12.097 -11.776 -12.503 -11.903 -10.488 -8.996 -10.685 -9.846 -11.621
19.65 -7.508 1.827 -8.01 -5.714 -9.04 -9.835 2.439 1.28 2.396 4.04 6.018 5.257 -4.607 -6.228 -7.128 -7.502 -9.294 -9.535 -9.452 -9.758 -9.942 -9.91 -9.827 -8.563 -11.937 -9.691 -9.838 -12.092 -11.717 -12.481 -11.874 -10.423 -8.929 -10.772 -9.986 -11.651
19.75 -7.424 1.876 -7.926 -5.469 -8.967 -9.788 2.507 1.34 2.461 4.188 1.272 -1.553 -4.435 -5.975 -6.988 -7.368 -9.209 -9.457 -9.394 -9.726 -9.909 -9.831 -9.753 -8.444 -11.914 -9.597 -9.775 -12.076 -11.726 -12.467 -11.858 -10.385 -9.175 -10.679 -9.87 -11.695
19.85 -7.448 1.879 -7.95 -5.589 -8.986 -9.776 2.503 1.329 2.45 4.144 5.917 5.042 -4.253 -6.103 -7.011 -7.4 -9.249 -9.488 -9.358 -9.69 -9.887 -9.842 -9.755 -8.493 -11.923 -9.573 -9.794 -12.078 -11.696 -12.464 -11.867 -10.47 -9.026 -10.756 -9.824 -11.689
19.95 -7.409 1.916 -7.91 -5.683 -8.937 -9.702 2.534 1.383 2.499 4.212 5.08 -1.324 -4.53 -6.199 -7.158 -7.547 -9.159 -9.401 -9.373 -9.694 -9.919 -9.829 -9.735 -8.435 -11.905 -9.651 -9.764 -12.058 -11.696 -12.451 -11.844 -10.383 -9.14 -10.733 -9.877 -11.68
20.05 -7.452 1.868 -7.954 -5.608 -8.987 -9.739 2.513 1.341 2.458 4.079 4.319 -1.541 -4.398 -6.12 -7.118 -7.496 -9.263 -9.468 -9.434 -9.682 -9.841 -9.762 -9.62 -8.475 -11.874 -9.652 -9.63 -12.03 -11.694 -12.44 -11.822 -10.284 -9.066 -10.672 -9.777 -11.591
20.15 -7.386 1.904 -7.887 -5.646 -8.916 -9.775 2.519 1.38 2.507 4.233 1.645 -2.085 -4.684 -6.151 -7.101 -7.472 -9.089 -9.382 -9.372 -9.666 -9.856 -9.78 -9.657 -8.4 -11.878 -9.596 -9.715 -12.034 -11.7 -12.417 -11.804 -10.316 -9.109 -10.718 -9.995 -11.593
20.25 -7.423 1.868 -7.925 -5.512 -8.964 -9.779 2.471 1.342 2.463 4.149 1.344 -1.937 -4.515 -6.015 -7.031 -7.409 -9.189 -9.452 -9.337 -9.653 -9.835 -9.764 -9.649 -8.422 -11.86 -9.589 -9.677 -11.999 -11.642 -12.393 -11.782 -10.306 -8.903 -10.641 -9.896 -11.609
20.35 -7.412 1.905 -7.914 -5.605 -8.947 -9.7 2.557 1.383 2.497 4.028 5.853 -1.482 -4.676 -6.119 -7.083 -7.441 -9.211 -9.428 -9.273 -9.583 -9.759 -9.732 -9.674 -8.44 -11.852 -9.504 -9.671 -12.001 -11.633 -12.392 -11.787 -10.341 -9.076 -10.708 -9.71 -11.614
20.45 -7.371 1.933 -7.873 -5.576 -8.904 -9.665 2.589 1.416 2.53 4.091 2.505 -2.066 -4.412 -6.085 -7.038 -7.416 -9.173 -9.392 -9.282 -9.591 -9.792 -9.735 -9.69 -8.401 -11.845 -9.54 -9.676 -11.996 -11.622 -12.394 -11.794 -10.387 -8.849 -10.63 -9.685 -11.625
20.55 -7.378 1.968 -7.88 -5.544 -8.912 -9.642 2.609 1.428 2.546 4.042 5.982 5.419 -4.347 -6.062 -7.102 -7.481 -9.176 -9.378 -9.314 -9.618 -9.82 -9.738 -9.608 -8.448 -11.852 -9.576 -9.639 -11.985 -11.579 -12.385 -11.78 -10.328 -9.052 -10.645 -9.809 -11.626
20.65 -7.326 1.987 -7.829 -5.317 -8.876 -9.7 2.607 1.438 2.556 4.259 6.179 2.639 -4.429 -5.842 -6.947 -7.317 -9.089 -9.351 -9.291 -9.558 -9.724 -9.621 -9.538 -8.386 -11.821 -9.505 -9.528 -11.956 -11.571 -12.357 -11.742 -10.227 -9.012 -10.646 -9.83 -11.577
20.75 -7.283 2.011 -7.784 -5.542 -8.811 -9.625 2.642 1.501 2.618 4.267 3.787 -1.967 -4.659 -6.04 -6.889 -7.235 -9.064 -9.311 -9.244 -9.547 -9.717 -9.68 -9.606 -8.342 -11.843 -9.478 -9.623 -11.981 -11.597 -12.365 -11.764 -10.348 -9.013 -10.748 -9.812 -11.661
20.85 -7.321 1.979 -7.823 -5.642 -8.842 -9.595 2.607 1.48 2.591 4.208 0.304 -2.193 -4.473 -6.141 -7.063 -7.448 -9.09 -9.317 -9.167 -9.479 -9.684 -9.651 -9.612 -8.379 -11.781 -9.406 -9.598 -11.944 -11.589 -12.312 -11.697 -10.192 -8.855 -10.631 -9.851 -11.572
20.95 -7.286 2.03 -7.788 -5.433 -8.824 -9.617 2.636 1.489 2.615 4.322 4.622 -1.225 -4.362 -5.951 -6.953 -7.328 -9.057 -9.304 -9.221 -9.547 -9.747 -9.671 -9.55 -8.31 -11.835 -9.463 -9.581 -11.949 -11.519 -12.341 -11.744 -10.344 -8.947 -10.665 -9.899 -11.611
21.05 -7.333 2.011 -7.836 -5.431 -8.873 -9.627 2.617 1.458 2.57 4.254 6.279 5.388 -4.201 -5.963 -7.073 -7.466 -9.095 -9.335 -9.201 -9.522 -9.736 -9.629 -9.467 -8.385 -11.812 -9.451 -9.531 -11.941 -11.531 -12.323 -11.721 -10.304 -8.818 -10.57 -9.931 -11.663
21.15 -7.247 2.053 -7.748 -5.718 -8.758 -9.521 2.704 1.558 2.669 4.288 5.611 -2.52 -4.788 -6.215 -7.036 -7.399 -8.998 -9.229 -9.181 -9.489 -9.69 -9.624 -9.548 -8.258 -11.812 -9.407 -9.571 -11.942 -11.516 -12.303 -11.707 -10.324 -8.898 -10.6 -9.827 -11.728
21.25 -7.302 2.002 -7.803 -5.611 -8.825 -9.585 2.631 1.49 2.605 4.245 1.47 -2.414 -4.561 -6.117 -7.066 -7.442 -9.058 -9.291 -9.208 -9.528 -9.723 -9.667 -9.591 -8.331 -11.812 -9.479 -9.607 -11.939 -11.534 -12.313 -11.707 -10.266 -8.896 -10.702 -9.841 -11.675
21.35 -7.218 2.091 -7.719 -5.534 -8.742 -9.56 2.736 1.558 2.674 4.438 5.753 -1.194 -4.575 -6.037 -6.917 -7.269 -8.977 -9.223 -9.163 -9.487 -9.688 -9.624 -9.545 -8.217 -11.793 -9.421 -9.549 -11.914 -11.509 -12.303 -11.701 -10.284 -8.996 -10.679 -9.718 -11.637
21.45 -7.197 2.082 -7.698 -5.579 -8.715 -9.513 2.73 1.594 2.708 4.364 -0.783 -2.022 -4.579 -6.08 -7.0 -7.375 -8.909 -9.173 -9.051 -9.372 -9.57 -9.55 -9.555 -8.256 -11.776 -9.289 -9.535 -11.889 -11.448 -12.265 -11.678 -10.344 -9.022 -10.567 -9.759 -11.668
21.55 -7.25 2.075 -7.752 -5.607 -8.77 -9.552 2.685 1.533 2.658 4.407 6.134 5.485 -4.469 -6.119 -7.018 -7.4 -8.988 -9.244 -9.1 -9.438 -9.639 -9.56 -9.506 -8.253 -11.791 -9.41 -9.503 -11.901 -11.472 -12.266 -11.672 -10.294 -8.693 -10.712 -9.716 -11.67
21.65 -7.176 2.151 -7.677 -5.52 -8.697 -9.448 2.803 1.638 2.748 4.244 6.131 -0.883 -4.658 -6.023 -6.928 -7.282 -8.949 -9.167 -9.095 -9.416 -9.627 -9.565 -9.504 -8.257 -11.754 -9.347 -9.539 -11.875 -11.449 -12.261 -11.661 -10.247 -8.895 -10.579 -9.689 -11.697
21.75 -7.15 2.143 -7.652 -5.464 -8.675 -9.463 2.771 1.641 2.757 4.295 2.735 -2.111 -4.667 -5.965 -6.937 -7.294 -8.882 -9.133 -9.088 -9.369 -9.565 -9.504 -9.502 -8.18 -11.737 -9.301 -9.491 -11.867 -11.424 -12.263 -11.655 -10.179 -8.892 -10.648 -9.828 -11.555
21.85 -7.17 2.122 -7.671 -5.534 -8.691 -9.483 2.753 1.62 2.74 4.455 5.984 -2.015 -4.682 -6.036 -6.939 -7.307 -8.901 -9.153 -9.085 -9.37 -9.555 -9.471 -9.428 -8.202 -11.747 -9.316 -9.415 -11.852 -11.396 -12.222 -11.63 -10.281 -8.811 -10.594 -9.782 -11.67
21.95 -7.145 2.14 -7.645 -5.624 -8.652 -9.43 2.776 1.663 2.782 4.311 -0.799 -1.926 -4.511 -6.126 -7.042 -7.421 -8.839 -9.09 -9.029 -9.35 -9.548 -9.485 -9.443 -8.166 -11.713 -9.296 -9.455 -11.831 -11.429 -12.221 -11.619 -10.208 -8.895 -10.57 -9.672 -11.546
22.05 -7.111 2.237 -7.612 -5.464 -8.633 -9.428 2.878 1.703 2.824 4.443 6.191 5.726 -4.351 -5.981 -6.954 -7.334 -8.804 -9.071 -9.109 -9.412 -9.596 -9.509 -9.43 -8.201 -11.722 -9.343 -9.47 -11.838 -11.391 -12.235 -11.637 -10.241 -8.677 -10.55 -9.776 -11.59
22.15 -7.1 2.212 -7.601 -5.542 -8.613 -9.395 2.836 1.706 2.816 4.382 5.579 -1.403 -4.631 -6.045 -6.924 -7.275 -8.823 -9.074 -9.025 -9.364 -9.577 -9.483 -9.394 -8.196 -11.692 -9.333 -9.415 -11.821 -11.41 -12.204 -11.607 -10.215 -8.846 -10.552 -9.611 -11.58
22.25 -7.096 2.213 -7.597 -5.56 -8.608 -9.377 2.857 1.713 2.826 4.521 4.631 -1.934 -4.516 -6.061 -6.942 -7.316 -8.815 -9.057 -8.986 -9.296 -9.491 -9.411 -9.32 -8.148 -11.696 -9.233 -9.341 -11.803 -11.382 -12.196 -11.591 -10.155 -8.614 -10.578 -9.653 -11.61
22.35 -7.11 2.205 -7.611 -5.639 -8.616 -9.37 2.856 1.701 2.806 4.533 5.952 4.75 -4.662 -6.144 -7.018 -7.385 -8.805 -9.06 -8.937 -9.294 -9.523 -9.449 -9.351 -8.147 -11.699 -9.223 -9.365 -11.798 -11.344 -12.192 -11.592 -10.177 -8.705 -10.556 -9.597 -11.638
22.45 -7.019 2.29 -7.52 -5.485 -8.529 -9.348 2.932 1.773 2.89 4.601 5.256 -1.221 -4.637 -5.987 -6.823 -7.166 -8.714 -8.996 -8.922 -9.316 -9.541 -9.489 -9.394 -8.044 -11.694 -9.224 -9.439 -11.805 -11.345 -12.189 -11.589 -10.177 -8.905 -10.539 -9.721 -11.614
22.55 -7.055 2.269 -7.556 -5.635 -8.557 -9.305 2.927 1.783 2.883 4.426 5.842 -1.846 -4.795 -6.138 -7.003 -7.348 -8.748 -8.98 -8.952 -9.28 -9.479 -9.416 -9.314 -8.159 -11.684 -9.19 -9.311 -11.789 -11.344 -12.19 -11.587 -10.134 -8.859 -10.605 -9.674 -11.595
22.65 -7.008 2.323 -7.509 -5.401 -8.529 -9.253 2.973 1.812 2.921 4.412 6.198 5.614 -4.578 -5.911 -6.838 -7.183 -8.766 -8.982 -8.925 -9.241 -9.446 -9.406 -9.334 -8.086 -11.683 -9.187 -9.331 -11.778 -11.299 -12.182 -11.584 -10.185 -8.746 -10.505 -9.586 -11.636
22.75 -7.027 2.286 -7.528 -5.393 -8.548 -9.294 2.907 1.774 2.885 4.539 6.127 -1.476 -4.408 -5.9 -6.861 -7.236 -8.763 -8.998 -8.905 -9.26 -9.478 -9.374 -9.247 -8.082 -11.69 -9.184 -9.309 -11.786 -11.33 -12.151 -11.551 -10.134 -8.775 -10.543 -9.823 -11.623
22.85 -7.028 2.286 -7.529 -5.597 -8.528 -9.291 2.918 1.778 2.878 4.657 6.051 -0.98 -4.639 -6.093 -6.907 -7.268 -8.737 -8.988 -8.827 -9.168 -9.386 -9.352 -9.372 -8.06 -11.652 -9.121 -9.341 -11.754 -11.29 -12.144 -11.534 -10.066 -8.489 -10.565 -9.75 -11.548
22.95 -6.978 2.339 -7.478 -5.564 -8.476 -9.232 2.978 1.833 2.942 4.717 6.008 4.208 -4.632 -6.063 -6.802 -7.142 -8.716 -8.947 -8.837 -9.173 -9.381 -9.348 -9.313 -8.014 -11.661 -9.12 -9.305 -11.754 -11.258 -12.131 -11.537 -10.164 -8.853 -10.542 -9.704 -11.63
23.05 -7.009 2.325 -7.51 -5.625 -8.504 -9.23 2.974 1.823 2.926 4.755 6.146 -0.105 -4.472 -6.13 -6.954 -7.345 -8.692 -8.943 -8.796 -9.123 -9.327 -9.291 -9.288 -8.082 -11.672 -9.04 -9.306 -11.753 -11.262 -12.125 -11.531 -10.159 -8.824 -10.561 -9.707 -11.685
23.15 -6.944 2.364 -7.445 -5.466 -8.45 -9.213 2.991 1.862 2.969 4.669 6.069 -0.881 -4.66 -5.961 -6.796 -7.143 -8.658 -8.906 -8.764 -9.16 -9.371 -9.366 -9.303 -7.974 -11.652 -9.112 -9.267 -11.737 -11.235 -12.124 -11.52 -10.082 -8.801 -10.51 -9.672 -11.651
23.25 -6.937 2.385 -7.438 -5.46 -8.441 -9.18 3.001 1.882 2.987 4.626 6.01 -0.876 -4.567 -5.954 -6.789 -7.144 -8.662 -8.902 -8.791 -9.133 -9.354 -9.306 -9.248 -7.991 -11.639 -9.035 -9.261 -11.713 -11.248 -12.087 -11.484 -10.047 -8.659 -10.563 -9.698 -11.633
23.35 -6.955 2.383 -7.456 -5.462 -8.46 -9.174 3.01 1.872 2.978 4.637 6.316 5.798 -4.173 -5.975 -6.891 -7.282 -8.671 -8.888 -8.743 -9.141 -9.379 -9.316 -9.197 -8.019 -11.636 -9.057 -9.242 -11.713 -11.225 -12.09 -11.487 -10.053 -8.691 -10.551 -9.689 -11.617
23.45 -6.916 2.399 -7.417 -5.511 -8.414 -9.149 3.054 1.905 3.018 4.465 4.065 -0.953 -4.661 -6.003 -6.785 -7.116 -8.661 -8.88 -8.733 -9.089 -9.318 -9.276 -9.267 -7.973 -11.63 -8.983 -9.277 -11.708 -11.211 -12.093 -11.485 -10.016 -8.877 -10.534 -9.817 -11.596
23.55 -6.869 2.458 -7.37 -5.384 -8.376 -9.21 3.083 1.925 3.054 4.709 6.168 5.865 -4.31 -5.888 -6.738 -7.108 -8.526 -8.83 -8.793 -9.165 -9.405 -9.314 -9.192 -7.921 -11.641 -9.106 -9.233 -11.717 -11.203 -12.077 -11.482 -10.099 -8.557 -10.545 -9.8 -11.673
23.65 -6.939 2.381 -7.439 -5.505 -8.436 -9.174 3.024 1.89 2.985 4.65 6.114 0.801 -4.589 -6.001 -6.85 -7.21 -8.645 -8.88 -8.784 -9.117 -9.333 -9.279 -9.192 -8.008 -11.624 -9.061 -9.217 -11.697 -11.218 -12.081 -11.488 -10.11 -8.694 -10.494 -9.675 -11.629
23.75 -6.846 2.438 -7.347 -5.41 -8.346 -9.12 3.074 1.963 3.069 4.915 -0.638 -1.441 -4.516 -5.903 -6.684 -7.03 -8.562 -8.812 -8.732 -9.088 -9.307 -9.231 -9.149 -7.88 -11.598 -9.013 -9.181 -11.683 -11.198 -12.062 -11.461 -10.029 -8.701 -10.514 -9.618 -11.607
23.85 -6.844 2.468 -7.344 -5.543 -8.326 -9.047 3.118 2.004 3.1 4.705 5.986 -1.624 -4.653 -6.033 -6.761 -7.101 -8.562 -8.781 -8.74 -9.054 -9.273 -9.204 -9.168 -7.96 -11.587 -9.03 -9.171 -11.668 -11.178 -12.038 -11.442 -10.061 -8.71 -10.552 -9.574 -11.598
23.95 -6.872 2.455 -7.373 -5.472 -8.369 -9.111 3.102 1.958 3.051 4.71 6.185 0.078 -4.565 -5.971 -6.806 -7.159 -8.576 -8.808 -8.703 -9.041 -9.244 -9.2 -9.125 -7.955 -11.573 -9.002 -9.13 -11.654 -11.147 -12.032 -11.43 -10.009 -8.654 -10.44 -9.513 -11.6
24.05 -6.813 2.507 -7.314 -5.337 -8.317 -9.055 3.15 2.02 3.123 4.752 5.553 -2.215 -3.9 -5.848 -6.779 -7.194 -8.484 -8.728 -8.703 -9.041 -9.247 -9.223 -9.173 -7.905 -11.579 -8.986 -9.183 -11.65 -11.14 -12.019 -11.407 -9.936 -8.385 -10.531 -9.68 -11.629
24.15 -6.738 2.605 -7.239 -5.341 -8.233 -8.945 3.273 2.118 3.208 4.759 6.343 6.01 -4.443 -5.847 -6.689 -7.039 -8.45 -8.67 -8.561 -8.934 -9.149 -9.088 -9.034 -7.853 -11.495 -8.872 -9.046 -11.576 -11.076 -11.961 -11.358 -9.928 -8.623 -10.38 -9.519 -11.529
24.25 -6.375 2.93 -6.874 -5.26 -7.826 -8.525 3.595 2.491 3.582 5.075 6.423 -1.674 -4.332 -5.746 -6.49 -6.852 -8.006 -8.236 -8.174 -8.51 -8.759 -8.707 -8.764 -7.438 -11.209 -8.479 -8.747 -11.256 -10.716 -11.625 -11.022 -9.587 -8.203 -10.161 -9.343 -11.311
24.35 -6.038 3.295 -6.537 -4.933 -7.503 -8.142 3.956 2.855 3.939 5.593 6.779 -1.559 -4.036 -5.44 -6.25 -6.608 -7.619 -7.848 -7.739 -8.164 -8.426 -8.419 -8.328 -7.189 -10.918 -8.106 -8.35 -10.947 -10.375 -11.31 -10.686 -9.096 -7.818 -9.935 -8.859 -11.126
24.45 -5.586 3.762 -6.084 -4.694 -7.007 -7.66 4.438 3.332 4.406 6.33 7.402 7.304 -3.704 -5.197 -5.842 -6.203 -7.112 -7.36 -7.32 -7.719 -7.957 -7.884 -7.752 -6.715 -10.567 -7.745 -7.696 -10.597 -10.033 -10.98 -10.36 -8.8 -7.421 -9.473 -8.215 -10.876
24.55 -5.13 4.173 -5.628 -4.149 -6.565 -7.305 4.818 3.75 4.871 6.751 7.668 -0.734 -2.771 -4.638 -5.259 -5.661 -6.686 -6.983 -6.696 -7.213 -7.486 -7.454 -7.25 -6.305 -10.223 -7.158 -7.256 -10.233 -9.665 -10.562 -9.947 -8.401 -7.266 -9.347 -7.983 -10.491
24.65 -4.584 4.835 -5.08 -3.854 -5.978 -6.408 5.463 4.44 5.475 7.26 8.05 8.293 -2.827 -4.365 -5.063 -5.427 -5.986 -6.212 -5.989 -6.427 -6.729 -6.75 -6.856 -5.867 -9.826 -6.463 -6.738 -9.803 -9.186 -10.101 -9.495 -8.023 -6.397 -8.834 -7.742 -10.248
24.75 -3.957 5.379 -4.45 -3.664 -5.23 -5.502 6.153 5.088 6.087 8.51 8.424 8.848 -3.263 -4.134 -4.494 -4.686 -5.427 -5.54 -5.15 -5.942 -6.341 -6.282 -6.02 -5.054 -9.329 -5.891 -6.091 -9.315 -8.724 -9.6 -9.025 -7.766 -6.027 -8.396 -7.209 -9.679
24.85 -3.332 5.855 -3.823 -3.266 -4.467 -5.171 6.537 5.654 6.642 9.223 8.113 7.186 -2.905 -3.704 -3.928 -4.052 -4.534 -4.829 -4.5 -5.046 -5.309 -5.291 -5.329 -4.226 -8.84 -5.075 -5.236 -8.817 -8.222 -8.979 -8.409 -7.147 -5.91 -8.055 -6.698 -9.356
24.95 -3.266 6.116 -3.755 -3.342 -4.303 -4.005 6.99 6.016 6.924 7.991 7.977 9.85 -2.645 -3.795 -4.162 -4.433 -4.592 -4.411 -4.123 -4.505 -4.86 -4.534 -4.49 -4.286 -8.24 -4.535 -4.571 -8.282 -7.664 -8.56 -7.891 -5.898 -5.456 -7.61 -6.235 -8.454
