# time f200lp f300x f350lp f475x f600lp f850lp f218w f225w f275w f336w f390w f438w f475w f555w f606w f625w f775w f814w f105w f110w f125w f140w f160w f070w f090w f115w f150w f150w2 f200w f277w f322w2 f356w f444w f0560w f0770w f1000w
-1.95 nan nan nan nan nan nan nan nan nan nan nan nan nan nan nan nan nan nan nan nan nan nan nan nan nan nan nan nan nan nan nan nan nan nan nan nan
-1.85 nan nan nan nan nan nan nan nan nan nan nan nan nan nan nan nan nan nan nan nan nan nan nan nan nan nan nan nan nan nan nan nan nan nan nan nan
-1.75 nan nan nan nan nan nan nan nan nan nan nan nan nan nan nan nan nan nan nan nan nan nan nan nan nan nan nan nan nan nan nan nan nan nan nan nan
-1.65 nan nan nan nan nan nan nan nan nan nan nan nan nan nan nan nan nan nan nan nan nan nan nan nan nan nan nan nan nan nan nan nan nan nan nan nan
-1.55 nan nan nan nan nan nan nan nan nan nan nan nan nan nan nan nan nan nan nan nan nan nan nan nan nan nan nan nan nan nan nan nan nan nan nan nan
-1.45 nan nan nan nan nan nan nan nan nan nan nan nan nan nan nan nan nan nan nan nan nan nan nan nan nan nan nan nan nan nan nan nan nan nan nan nan
-1.35 nan nan nan nan nan nan nan nan nan nan nan nan nan nan nan nan nan nan nan nan nan nan nan nan nan nan nan nan nan nan nan nan nan nan nan nan
-1.25 nan nan nan nan nan nan nan nan nan nan nan nan nan nan nan nan nan nan nan nan nan nan nan nan nan nan nan nan nan nan nan nan nan nan nan nan
-1.15 nan nan nan nan nan nan nan nan nan nan nan nan nan nan nan nan nan nan nan nan nan nan nan nan nan nan nan nan nan nan nan nan nan nan nan nan
-1.05 nan nan nan nan nan nan nan nan nan nan nan nan nan nan nan nan nan nan nan nan nan nan nan nan nan nan nan nan nan nan nan nan nan nan nan nan
-0.95 nan nan nan nan nan nan nan nan nan nan nan nan nan nan nan nan nan nan nan nan nan nan nan nan nan nan nan nan nan nan nan nan nan nan nan nan
-0.85 nan nan nan nan nan nan nan nan nan nan nan nan nan nan nan nan nan nan nan nan nan nan nan nan nan nan nan nan nan nan nan nan nan nan nan nan
-0.75 nan nan nan nan nan nan nan nan nan nan nan nan nan nan nan nan nan nan nan nan nan nan nan nan nan nan nan nan nan nan nan nan nan nan nan nan
-0.65 nan nan nan nan nan nan nan nan nan nan nan nan nan nan nan nan nan nan nan nan nan nan nan nan nan nan nan nan nan nan nan nan nan nan nan nan
-0.55 nan nan nan nan nan nan nan nan nan nan nan nan nan nan nan nan nan nan nan nan nan nan nan nan nan nan nan nan nan nan nan nan nan nan nan nan
-0.45 nan nan nan nan nan nan nan nan nan nan nan nan nan nan nan nan nan nan nan nan nan nan nan nan nan nan nan nan nan nan nan nan nan nan nan nan
-0.35 nan nan nan nan nan nan nan nan nan nan nan nan nan nan nan nan nan nan nan nan nan nan nan nan nan nan nan nan nan nan nan nan nan nan nan nan
-0.25 nan nan nan nan nan nan nan nan nan nan nan nan nan nan nan nan nan nan nan nan nan nan nan nan nan nan nan nan nan nan nan nan nan nan nan nan
-0.15 nan nan nan nan nan nan nan nan nan nan nan nan nan nan nan nan nan nan nan nan nan nan nan nan nan nan nan nan nan nan nan nan nan nan nan nan
-0.05 nan nan nan nan nan nan nan nan nan nan nan nan nan nan nan nan nan nan nan nan nan nan nan nan nan nan nan nan nan nan nan nan nan nan nan nan
0.05 nan nan nan nan nan nan nan nan nan nan nan nan nan nan nan nan nan nan nan nan nan nan nan nan nan nan nan nan nan nan nan nan nan nan nan nan
0.15 -5.037 -5.435 -5.03 -5.741 8.982 9.572 0.11 -3.694 -5.889 6.776 -5.642 -6.034 -5.971 -5.538 -4.122 9.281 8.483 10.018 nan nan nan nan nan 7.251 3.093 10.078 10.838 -2.88 11.456 6.257 0.508 3.733 6.268 nan nan nan
0.25 -10.665 -8.378 -11.102 -10.597 -11.715 -12.07 -7.285 -7.439 -7.97 -9.466 -9.902 -10.091 -10.432 -10.819 -11.167 -11.359 -11.772 -11.847 -12.198 -12.161 -12.133 -12.034 -11.926 -11.541 -12.343 -12.154 -11.994 -12.052 -11.398 -11.082 -10.877 -10.608 -10.472 -9.78 -8.362 nan
0.35 -11.372 -7.982 -11.847 -10.983 -12.635 -13.219 -5.203 -6.212 -7.691 -8.925 -10.014 -10.437 -10.696 -11.251 -11.749 -12.035 -12.689 -12.845 -13.318 -13.309 -13.286 -13.223 -13.115 -12.337 -13.496 -13.285 -13.209 -13.285 -12.754 -12.42 -12.293 -12.131 -11.592 -10.79 -10.384 nan
0.45 -11.597 -7.723 -12.078 -11.129 -12.9 -13.587 -5.532 -6.322 -7.2 -8.808 -10.05 -10.364 -10.819 -11.419 -11.963 -12.232 -12.893 -13.117 -13.675 -13.66 -13.632 -13.594 -13.484 -12.561 -13.813 -13.623 -13.56 -13.618 -13.096 -12.752 -12.5 -12.164 -11.821 -11.46 -10.375 nan
0.55 -11.721 -7.399 -12.207 -11.07 -13.08 -13.833 -4.955 -5.595 -6.512 -8.689 -9.706 -10.204 -10.735 -11.408 -12.014 -12.309 -13.081 -13.315 -13.983 -13.947 -13.911 -13.815 -13.733 -12.655 -14.054 -13.905 -13.823 -13.869 -13.341 -12.953 -12.726 -12.433 -11.851 -11.454 -10.829 nan
0.65 -11.793 -6.975 -12.283 -11.024 -13.183 -14.045 -3.049 -4.85 -6.201 -8.361 -9.508 -9.925 -10.627 -11.383 -12.026 -12.327 -13.146 -13.448 -14.203 -14.166 -14.134 -14.048 -13.955 -12.699 -14.254 -14.13 -14.022 -14.102 -13.617 -13.225 -12.969 -12.626 -12.187 -11.659 -10.886 nan
0.75 -11.834 -6.512 -12.327 -10.988 -13.245 -14.164 -2.818 -4.126 -5.244 -7.971 -9.351 -9.863 -10.558 -11.354 -11.986 -12.289 -13.211 -13.539 -14.375 -14.354 -14.338 -14.277 -14.192 -12.658 -14.375 -14.348 -14.271 -14.283 -13.779 -13.335 -13.096 -12.777 -12.151 -11.912 -11.181 -7.542
0.85 -11.859 -6.513 -12.353 -10.802 -13.308 -14.288 -3.533 -4.348 -5.224 -7.891 -9.083 -9.714 -10.307 -11.182 -11.901 -12.235 -13.258 -13.609 -14.521 -14.471 -14.439 -14.38 -14.334 -12.693 -14.485 -14.471 -14.391 -14.421 -13.96 -13.509 -13.269 -12.944 -12.305 -11.644 -11.452 0.098
0.95 -11.887 -6.097 -12.383 -10.776 -13.345 -14.35 -3.825 -3.917 -4.915 -7.627 -8.84 -9.463 -10.296 -11.175 -11.897 -12.218 -13.304 -13.652 -14.664 -14.632 -14.629 -14.551 -14.478 -12.671 -14.562 -14.641 -14.563 -14.568 -14.102 -13.631 -13.361 -12.992 -12.315 -11.573 -11.435 -2.722
1.05 -11.924 -5.644 -12.421 -10.683 -13.403 -14.444 -3.447 -4.174 -3.073 -7.363 -8.665 -9.197 -10.041 -11.105 -11.866 -12.214 -13.348 -13.723 -14.746 -14.715 -14.7 -14.651 -14.594 -12.696 -14.629 -14.737 -14.662 -14.656 -14.205 -13.778 -13.453 -12.975 -12.246 -11.749 -11.269 nan
1.15 -11.928 -5.891 -12.426 -10.575 -13.422 -14.478 -3.167 -4.22 -4.677 -7.357 -8.269 -8.751 -9.97 -11.019 -11.843 -12.188 -13.347 -13.732 -14.84 -14.807 -14.807 -14.77 -14.733 -12.705 -14.678 -14.833 -14.792 -14.768 -14.356 -13.817 -13.515 -13.089 -12.203 -11.78 -11.663 3.63
1.25 -11.895 -5.54 -12.392 -10.484 -13.395 -14.503 -2.399 -3.518 -4.249 -7.008 -8.282 -8.914 -9.835 -10.92 -11.762 -12.125 -13.273 -13.709 -14.899 -14.857 -14.859 -14.811 -14.797 -12.641 -14.692 -14.91 -14.851 -14.828 -14.421 -13.946 -13.617 -13.139 -12.117 -11.623 -11.474 -2.813
1.35 -11.903 -4.779 -12.402 -10.377 -13.417 -14.546 -2.336 -3.201 -3.843 -6.013 -8.142 -8.64 -9.693 -10.816 -11.69 -12.052 -13.305 -13.744 -14.956 -14.921 -14.928 -14.892 -14.879 -12.607 -14.742 -14.993 -14.926 -14.906 -14.524 -14.006 -13.675 -13.189 -12.151 -11.783 -11.516 1.956
1.45 -11.909 -4.956 -12.408 -10.316 -13.428 -14.552 -2.292 -3.347 -3.828 -6.285 -7.956 -8.544 -9.538 -10.776 -11.68 -12.055 -13.318 -13.751 -15.014 -14.98 -14.992 -14.975 -14.978 -12.644 -14.77 -15.072 -15.01 -14.989 -14.582 -14.132 -13.811 -13.353 -12.267 -11.724 -11.615 nan
1.55 -11.891 -4.596 -12.39 -10.29 -13.412 -14.533 -2.238 -3.148 -2.072 -6.152 -7.935 -8.484 -9.491 -10.749 -11.668 -12.045 -13.3 -13.728 -15.039 -15.014 -15.032 -15.034 -15.031 -12.627 -14.784 -15.125 -15.051 -15.057 -14.669 -14.281 -13.931 -13.408 -12.262 -11.945 -11.444 -6.641
1.65 -11.872 -4.61 -12.371 -10.139 -13.404 -14.565 -2.257 -3.158 -2.814 -6.133 -7.691 -8.28 -9.263 -10.607 -11.592 -11.981 -13.261 -13.726 -15.067 -15.041 -15.069 -15.073 -15.083 -12.579 -14.801 -15.161 -15.098 -15.09 -14.713 -14.29 -13.948 -13.45 -12.245 -11.839 -11.598 -7.407
1.75 -11.872 -4.542 -12.372 -10.106 -13.408 -14.54 -2.183 -3.14 -2.064 -6.116 -7.337 -8.162 -9.264 -10.588 -11.579 -11.965 -13.306 -13.731 -15.104 -15.083 -15.112 -15.143 -15.163 -12.618 -14.834 -15.219 -15.158 -15.163 -14.766 -14.411 -14.083 -13.615 -12.311 -12.044 -11.755 -3.494
1.85 -11.84 -4.354 -12.339 -10.104 -13.372 -14.543 -2.14 -3.14 -3.499 -5.379 -7.473 -8.065 -9.352 -10.577 -11.537 -11.908 -13.232 -13.697 -15.101 -15.084 -15.116 -15.161 -15.198 -12.553 -14.845 -15.234 -15.181 -15.204 -14.849 -14.463 -14.128 -13.643 -12.431 -12.305 -11.893 -6.747
1.95 -11.834 -4.485 -12.334 -9.948 -13.378 -14.561 -2.116 -3.332 -2.998 -5.939 -7.195 -7.696 -9.041 -10.44 -11.483 -11.875 -13.226 -13.704 -15.128 -15.111 -15.153 -15.208 -15.255 -12.513 -14.891 -15.268 -15.223 -15.258 -14.888 -14.572 -14.237 -13.755 -12.649 -12.167 -11.924 -7.898
2.05 -11.793 -4.319 -12.293 -9.886 -13.337 -14.543 -2.059 -3.093 -2.0 -6.237 -7.049 -7.538 -8.948 -10.379 -11.41 -11.802 -13.177 -13.674 -15.095 -15.093 -15.139 -15.206 -15.243 -12.493 -14.885 -15.255 -15.208 -15.272 -14.935 -14.619 -14.294 -13.833 -12.604 -12.33 -11.882 -3.904
2.15 -11.789 -3.69 -12.29 -9.703 -13.346 -14.535 -2.035 -3.099 -2.018 -5.026 -6.762 -7.624 -8.727 -10.202 -11.324 -11.724 -13.225 -13.697 -15.11 -15.12 -15.175 -15.252 -15.286 -12.447 -14.925 -15.288 -15.238 -15.311 -14.945 -14.672 -14.344 -13.877 -12.683 -12.38 -12.114 -6.591
2.25 -11.76 -3.522 -12.261 -9.882 -13.303 -14.505 -2.033 -3.065 -2.173 -4.421 -6.603 -7.804 -9.016 -10.366 -11.355 -11.744 -13.158 -13.65 -15.098 -15.101 -15.16 -15.251 -15.306 -12.413 -14.904 -15.275 -15.259 -15.325 -14.99 -14.685 -14.371 -13.936 -12.764 -12.449 -11.788 -8.558
2.35 -11.725 -3.388 -12.226 -9.655 -13.279 -14.485 -1.94 -3.035 -1.934 -4.872 -6.476 -7.049 -8.534 -10.162 -11.251 -11.656 -13.153 -13.635 -15.089 -15.093 -15.152 -15.251 -15.314 -12.376 -14.921 -15.271 -15.25 -15.336 -14.995 -14.728 -14.425 -14.011 -12.82 -12.558 -12.047 -7.328
2.45 -11.717 -3.839 -12.218 -9.559 -13.276 -14.519 -1.977 -3.058 -1.955 -5.615 -6.713 -7.132 -8.515 -10.065 -11.183 -11.592 -13.108 -13.64 -15.096 -15.1 -15.163 -15.26 -15.318 -12.284 -14.957 -15.277 -15.259 -15.358 -15.023 -14.769 -14.469 -14.061 -12.897 -12.505 -12.183 -7.506
2.55 -11.659 -3.35 -12.16 -9.419 -13.223 -14.446 -1.93 -2.979 -1.887 -4.056 -6.537 -7.276 -8.234 -9.928 -11.172 -11.592 -13.063 -13.572 -15.038 -15.062 -15.126 -15.241 -15.295 -12.316 -14.917 -15.231 -15.23 -15.341 -15.001 -14.785 -14.481 -14.065 -12.881 -12.477 -12.164 -4.678
2.65 -11.661 -2.945 -12.162 -9.343 -13.228 -14.459 -1.854 -2.999 -1.888 -4.174 -5.529 -6.802 -8.193 -9.869 -11.093 -11.506 -13.085 -13.597 -15.042 -15.05 -15.11 -15.232 -15.312 -12.244 -14.949 -15.225 -15.242 -15.355 -15.02 -14.805 -14.5 -14.086 -12.959 -12.611 -12.12 -4.987
2.75 -11.632 -3.336 -12.134 -9.378 -13.196 -14.447 -1.832 -2.974 -1.861 -4.955 -5.676 -6.514 -8.262 -9.906 -11.092 -11.502 -13.022 -13.559 -15.038 -15.054 -15.12 -15.237 -15.309 -12.212 -14.936 -15.226 -15.239 -15.365 -15.04 -14.827 -14.534 -14.138 -12.851 -12.493 -12.123 -8.254
2.85 -11.565 -2.927 -12.067 -9.152 -13.137 -14.389 -1.777 -2.91 -1.799 -4.032 -5.11 -6.166 -7.994 -9.691 -10.95 -11.366 -12.974 -13.517 -14.973 -14.991 -15.065 -15.204 -15.295 -12.169 -14.911 -15.159 -15.214 -15.342 -15.014 -14.816 -14.522 -14.132 -13.002 -12.667 -12.1 -7.542
2.95 -11.553 -3.075 -12.055 -9.087 -13.127 -14.398 -1.825 -2.919 -1.802 -4.685 -5.973 -6.169 -8.054 -9.609 -10.845 -11.248 -12.972 -13.52 -14.981 -15.0 -15.077 -15.202 -15.278 -12.082 -14.937 -15.162 -15.208 -15.349 -15.017 -14.847 -14.564 -14.19 -13.038 -12.542 -12.215 -7.323
3.05 -11.51 -2.909 -12.011 -9.195 -13.077 -14.368 -1.78 -2.869 -1.756 -3.243 -6.005 -7.077 -8.191 -9.7 -10.9 -11.298 -12.872 -13.455 -14.949 -14.983 -15.07 -15.206 -15.289 -12.07 -14.911 -15.15 -15.213 -15.353 -15.015 -14.855 -14.581 -14.224 -13.088 -12.599 -12.055 -8.386
3.15 -11.441 -3.477 -11.942 -9.0 -13.014 -14.289 -1.683 -2.808 -1.966 -4.391 -5.493 -6.05 -7.852 -9.526 -10.778 -11.187 -12.836 -13.398 -14.898 -14.921 -15.001 -15.157 -15.26 -12.001 -14.897 -15.086 -15.178 -15.332 -14.998 -14.879 -14.589 -14.201 -13.106 -12.657 -12.292 -7.01
3.25 -11.427 -2.41 -11.928 -8.982 -12.999 -14.29 -1.626 -2.791 -1.672 0.621 -4.611 -6.652 -7.971 -9.512 -10.745 -11.147 -12.815 -13.38 -14.893 -14.929 -15.027 -15.158 -15.246 -11.976 -14.897 -15.082 -15.176 -15.33 -14.988 -14.866 -14.591 -14.233 -13.114 -12.638 -12.128 -4.716
3.35 -11.357 -2.432 -11.859 -8.739 -12.936 -14.254 -1.586 -2.732 -1.616 -2.993 -4.975 -5.849 -7.547 -9.275 -10.612 -11.026 -12.722 -13.318 -14.879 -14.92 -15.019 -15.153 -15.24 -11.865 -14.898 -15.073 -15.17 -15.34 -14.99 -14.9 -14.626 -14.267 -13.178 -12.714 -12.248 -8.09
3.45 -11.293 -3.36 -11.795 -8.697 -12.872 -14.185 -1.53 -2.672 -1.557 -4.79 -5.631 -5.906 -7.442 -9.229 -10.57 -10.995 -12.653 -13.253 -14.824 -14.859 -14.955 -15.101 -15.215 -11.828 -14.862 -15.027 -15.129 -15.314 -14.965 -14.872 -14.614 -14.284 -13.249 -12.792 -12.221 -8.53
3.55 -11.31 -2.414 -11.812 -8.702 -12.887 -14.185 -1.507 -2.68 -1.567 -0.847 -4.728 -6.08 -7.503 -9.239 -10.595 -11.01 -12.694 -13.272 -14.797 -14.846 -14.961 -15.081 -15.176 -11.872 -14.868 -14.997 -15.106 -15.302 -14.968 -14.87 -14.61 -14.277 -13.2 -12.774 -12.258 -7.622
3.65 -11.253 -2.165 -11.755 -8.623 -12.832 -14.179 -1.464 -2.644 -1.522 0.801 -3.661 -2.379 -7.311 -9.171 -10.479 -10.89 -12.579 -13.221 -14.806 -14.848 -14.959 -15.107 -15.227 -11.698 -14.877 -14.996 -15.16 -15.319 -14.985 -14.889 -14.638 -14.324 -13.214 -12.85 -12.289 -7.409
3.75 -11.171 -2.16 -11.673 -8.38 -12.756 -14.109 -1.381 -2.559 -1.441 0.97 -4.256 -4.705 -6.836 -8.933 -10.305 -10.729 -12.519 -13.148 -14.775 -14.83 -14.945 -15.088 -15.178 -11.631 -14.852 -14.988 -15.106 -15.311 -14.964 -14.871 -14.647 -14.378 -13.311 -12.829 -12.315 -7.549
3.85 -11.142 -1.994 -11.644 -8.445 -12.722 -14.041 -1.374 -2.521 -1.407 0.893 -4.607 -5.903 -6.943 -8.984 -10.354 -10.782 -12.517 -13.115 -14.715 -14.777 -14.904 -15.053 -15.179 -11.656 -14.842 -14.933 -15.1 -15.3 -14.972 -14.885 -14.653 -14.369 -13.353 -12.846 -12.346 -6.752
3.95 -11.119 -1.965 -11.621 -8.346 -12.702 -14.052 -1.343 -2.516 -1.395 0.977 -3.177 -5.419 -7.181 -8.89 -10.237 -10.653 -12.475 -13.1 -14.687 -14.757 -14.885 -15.039 -15.148 -11.538 -14.834 -14.897 -15.078 -15.282 -14.94 -14.848 -14.63 -14.369 -13.429 -12.871 -12.304 -7.606
4.05 -11.061 -1.839 -11.563 -8.178 -12.648 -14.019 -1.293 -2.46 -1.339 0.954 -0.074 -5.246 -7.165 -8.733 -10.187 -10.591 -12.387 -13.033 -14.686 -14.758 -14.891 -15.036 -15.154 -11.496 -14.842 -14.907 -15.08 -15.295 -14.943 -14.879 -14.66 -14.391 -13.516 -12.962 -12.384 -8.335
4.15 -11.033 -1.921 -11.535 -8.219 -12.618 -13.983 -1.285 -2.434 -1.321 1.043 -4.433 -5.804 -7.13 -8.746 -10.071 -10.477 -12.39 -13.028 -14.664 -14.74 -14.879 -15.033 -15.144 -11.45 -14.841 -14.895 -15.069 -15.293 -14.932 -14.898 -14.671 -14.398 -13.515 -13.04 -12.381 -8.284
4.25 -10.95 -1.749 -11.452 -7.992 -12.538 -13.917 -1.202 -2.358 -1.234 1.116 -3.829 -4.215 -6.664 -8.546 -10.046 -10.459 -12.261 -12.937 -14.611 -14.7 -14.849 -15.003 -15.115 -11.385 -14.812 -14.854 -15.038 -15.273 -14.915 -14.875 -14.666 -14.417 -13.572 -12.983 -12.371 -7.821
4.35 -10.95 -1.903 -11.453 -7.804 -12.542 -13.923 -1.176 -2.369 -1.244 1.232 -4.357 -4.314 -6.225 -8.366 -9.899 -10.319 -12.308 -12.956 -14.61 -14.699 -14.855 -14.986 -15.097 -11.334 -14.829 -14.843 -15.033 -15.272 -14.916 -14.868 -14.672 -14.442 -13.593 -13.034 -12.431 -8.796
4.45 -10.908 -1.812 -11.41 -7.917 -12.497 -13.896 -1.171 -2.325 -1.205 0.872 -4.243 -5.157 -6.478 -8.467 -9.945 -10.361 -12.219 -12.887 -14.596 -14.696 -14.852 -14.998 -15.106 -11.244 -14.851 -14.835 -15.043 -15.29 -14.915 -14.872 -14.691 -14.483 -13.718 -13.081 -12.529 -8.204
4.55 -10.842 -1.706 -11.344 -7.68 -12.435 -13.871 -1.081 -2.276 -1.149 -1.521 -1.616 -4.541 -6.224 -8.255 -9.735 -10.154 -12.114 -12.834 -14.597 -14.681 -14.838 -14.994 -15.121 -11.16 -14.833 -14.833 -15.042 -15.292 -14.937 -14.899 -14.705 -14.478 -13.683 -13.116 -12.452 -8.39
4.65 -10.797 -1.581 -11.299 -7.732 -12.387 -13.792 -1.022 -2.212 -1.093 1.314 0.418 -5.472 -5.626 -8.299 -9.788 -10.222 -12.104 -12.788 -14.535 -14.652 -14.821 -14.976 -15.086 -11.205 -14.836 -14.795 -15.019 -15.281 -14.895 -14.916 -14.723 -14.499 -13.721 -13.214 -12.499 -8.531
4.75 -10.761 -1.58 -11.263 -7.637 -12.352 -13.772 -0.991 -2.186 -1.062 1.34 -3.951 -4.726 -5.776 -8.185 -9.728 -10.16 -12.065 -12.747 -14.514 -14.626 -14.797 -14.953 -15.068 -11.116 -14.828 -14.761 -15.002 -15.276 -14.903 -14.89 -14.712 -14.509 -13.768 -13.215 -12.564 -8.256
4.85 -10.736 -1.517 -11.238 -7.496 -12.33 -13.756 -0.982 -2.172 -1.046 1.334 3.449 0.607 -6.301 -8.069 -9.642 -10.042 -12.028 -12.734 -14.497 -14.619 -14.807 -14.935 -15.043 -11.068 -14.842 -14.756 -14.984 -15.28 -14.893 -14.939 -14.746 -14.518 -13.812 -13.283 -12.523 -7.853
4.95 -10.734 -1.67 -11.237 -7.657 -12.324 -13.779 -0.99 -2.184 -1.057 1.268 -2.878 -4.215 -6.642 -8.181 -9.54 -9.91 -12.012 -12.738 -14.501 -14.629 -14.808 -14.956 -15.064 -10.968 -14.838 -14.762 -14.998 -15.281 -14.902 -14.918 -14.736 -14.525 -13.814 -13.116 -12.521 -8.165
5.05 -10.652 -1.449 -11.154 -7.476 -12.245 -13.716 -0.893 -2.1 -0.975 1.471 3.538 -4.196 -6.02 -8.035 -9.451 -9.869 -11.894 -12.651 -14.489 -14.61 -14.789 -14.941 -15.055 -10.928 -14.835 -14.751 -14.99 -15.285 -14.898 -14.945 -14.75 -14.52 -13.829 -13.167 -12.681 -7.555
5.15 -10.618 -1.939 -11.12 -7.408 -12.212 -13.641 -0.851 -2.043 -0.922 -3.605 -4.18 -4.135 -6.017 -7.971 -9.579 -9.981 -11.893 -12.611 -14.425 -14.563 -14.752 -14.919 -15.047 -11.009 -14.83 -14.697 -14.977 -15.277 -14.879 -14.944 -14.763 -14.555 -13.845 -13.25 -12.674 -8.767
5.25 -10.554 -1.47 -11.056 -7.271 -12.149 -13.618 -0.81 -1.999 -0.87 1.66 -3.579 -3.746 -5.035 -7.838 -9.38 -9.824 -11.775 -12.547 -14.422 -14.548 -14.74 -14.885 -15.016 -10.872 -14.833 -14.683 -14.949 -15.274 -14.886 -14.949 -14.785 -14.603 -13.903 -13.212 -12.617 -8.641
5.35 -10.545 -1.515 -11.047 -7.224 -12.139 -13.61 -0.816 -2.0 -0.874 1.678 -3.814 -3.948 -5.401 -7.77 -9.243 -9.669 -11.805 -12.556 -14.406 -14.549 -14.75 -14.908 -15.028 -10.761 -14.83 -14.669 -14.968 -15.274 -14.87 -14.959 -14.78 -14.575 -13.865 -13.288 -12.59 -8.696
5.45 -10.542 -1.336 -11.045 -6.942 -12.142 -13.621 -0.786 -2.002 -0.872 1.543 3.556 2.254 -5.171 -7.535 -9.236 -9.652 -11.79 -12.553 -14.398 -14.539 -14.742 -14.89 -15.024 -10.791 -14.841 -14.664 -14.958 -15.277 -14.884 -14.94 -14.778 -14.594 -13.931 -13.299 -12.606 -7.74
5.55 -10.483 -1.274 -10.986 -7.034 -12.082 -13.551 -0.723 -1.93 -0.811 1.63 3.873 0.109 -5.926 -7.621 -9.222 -9.615 -11.744 -12.485 -14.373 -14.545 -14.757 -14.91 -15.017 -10.752 -14.836 -14.667 -14.964 -15.286 -14.895 -14.969 -14.792 -14.588 -13.93 -13.362 -12.619 -8.995
5.65 -10.435 -1.231 -10.937 -6.942 -12.033 -13.512 -0.686 -1.887 -0.759 1.739 3.956 -3.831 -5.682 -7.542 -9.251 -9.663 -11.631 -12.436 -14.32 -14.491 -14.705 -14.874 -15.016 -10.703 -14.818 -14.622 -14.943 -15.265 -14.87 -14.948 -14.779 -14.588 -13.965 -13.255 -12.583 -9.15
5.75 -10.396 -1.195 -10.898 -6.931 -11.995 -13.463 -0.633 -1.844 -0.716 1.814 -1.058 -1.248 -5.422 -7.533 -9.241 -9.66 -11.609 -12.388 -14.306 -14.487 -14.712 -14.866 -14.994 -10.71 -14.829 -14.604 -14.932 -15.271 -14.865 -14.983 -14.805 -14.599 -13.927 -13.39 -12.654 -8.92
5.85 -10.382 -1.17 -10.885 -6.711 -11.983 -13.458 -0.634 -1.832 -0.705 1.649 3.912 -1.08 -5.509 -7.312 -9.136 -9.538 -11.601 -12.39 -14.308 -14.483 -14.71 -14.868 -15.004 -10.696 -14.812 -14.604 -14.945 -15.27 -14.867 -14.975 -14.803 -14.605 -13.935 -13.372 -12.589 -8.784
5.95 -10.352 -1.147 -10.855 -6.851 -11.952 -13.43 -0.606 -1.807 -0.685 1.766 3.967 2.398 -5.253 -7.448 -9.101 -9.504 -11.583 -12.351 -14.285 -14.463 -14.693 -14.851 -14.995 -10.598 -14.81 -14.573 -14.93 -15.262 -14.851 -14.983 -14.805 -14.597 -13.943 -13.325 -12.603 -8.994
6.05 -10.317 -1.141 -10.819 -6.687 -11.918 -13.424 -0.57 -1.782 -0.653 1.791 -1.484 -1.665 -4.853 -7.274 -9.023 -9.439 -11.496 -12.322 -14.283 -14.461 -14.698 -14.835 -14.975 -10.566 -14.822 -14.588 -14.917 -15.267 -14.862 -15.028 -14.833 -14.602 -13.931 -13.326 -12.591 -9.1
6.15 -10.289 -1.119 -10.791 -6.755 -11.887 -13.398 -0.569 -1.751 -0.631 1.77 -3.475 -3.893 -5.145 -7.321 -8.948 -9.36 -11.475 -12.296 -14.264 -14.453 -14.686 -14.847 -14.978 -10.519 -14.807 -14.569 -14.92 -15.267 -14.872 -15.021 -14.821 -14.589 -13.906 -13.329 -12.528 -9.077
6.25 -10.201 -1.604 -10.704 -6.484 -11.804 -13.328 -0.485 -1.668 -0.535 -3.342 -4.016 -3.912 -5.647 -7.055 -8.823 -9.204 -11.362 -12.208 -14.2 -14.404 -14.639 -14.821 -14.985 -10.463 -14.783 -14.518 -14.916 -15.25 -14.861 -14.982 -14.793 -14.571 -13.946 -13.299 -12.632 -8.969
6.35 -10.2 -0.981 -10.702 -6.678 -11.799 -13.293 -0.417 -1.644 -0.522 1.804 4.172 2.628 -4.238 -7.283 -8.931 -9.34 -11.412 -12.199 -14.212 -14.417 -14.667 -14.815 -14.954 -10.587 -14.79 -14.527 -14.893 -15.247 -14.845 -14.99 -14.806 -14.591 -13.917 -13.319 -12.649 -8.753
6.45 -10.179 -0.979 -10.681 -6.519 -11.779 -13.265 -0.434 -1.633 -0.511 1.828 1.957 -4.072 -5.039 -7.1 -8.861 -9.257 -11.417 -12.177 -14.186 -14.393 -14.647 -14.792 -14.939 -10.463 -14.76 -14.508 -14.878 -15.226 -14.809 -14.99 -14.792 -14.556 -13.881 -13.324 -12.522 -9.516
6.55 -10.135 -0.952 -10.637 -6.478 -11.734 -13.236 -0.397 -1.591 -0.466 1.85 -1.067 -4.989 -5.396 -7.022 -8.726 -9.107 -11.374 -12.141 -14.16 -14.385 -14.643 -14.795 -14.933 -10.404 -14.756 -14.484 -14.882 -15.231 -14.834 -15.004 -14.806 -14.57 -13.885 -13.264 -12.628 -8.822
6.65 -10.104 -0.899 -10.607 -6.581 -11.703 -13.215 -0.362 -1.567 -0.437 1.856 4.126 2.674 -5.56 -7.161 -8.902 -9.293 -11.25 -12.094 -14.122 -14.36 -14.626 -14.788 -14.934 -10.409 -14.767 -14.453 -14.884 -15.229 -14.812 -15.017 -14.82 -14.584 -13.9 -13.352 -12.562 -9.526
6.75 -10.085 -0.898 -10.588 -6.206 -11.688 -13.215 -0.361 -1.566 -0.443 2.065 4.486 2.404 -5.116 -6.787 -8.513 -8.895 -11.292 -12.123 -14.099 -14.346 -14.614 -14.774 -14.916 -10.269 -14.739 -14.439 -14.87 -15.212 -14.814 -15.019 -14.812 -14.565 -13.846 -13.135 -12.542 -9.121
6.85 -10.006 -0.853 -10.508 -6.459 -11.606 -13.15 -0.29 -1.475 -0.35 2.12 -3.46 -4.621 -5.319 -6.994 -8.622 -9.037 -11.117 -12.004 -14.068 -14.314 -14.579 -14.746 -14.896 -10.207 -14.719 -14.409 -14.838 -15.2 -14.808 -15.021 -14.798 -14.524 -13.753 -13.29 -12.505 -8.162
6.95 -9.96 -0.99 -10.462 -6.323 -11.561 -13.101 -0.205 -1.426 -0.301 2.189 -3.251 -0.675 -5.18 -6.881 -8.516 -8.898 -11.106 -11.968 -14.044 -14.303 -14.574 -14.738 -14.871 -10.226 -14.702 -14.392 -14.825 -15.181 -14.778 -15.007 -14.786 -14.517 -13.762 -13.233 -12.49 -9.832
7.05 -9.925 -0.722 -10.428 -6.404 -11.525 -13.052 -0.158 -1.384 -0.259 2.259 4.317 2.867 -4.824 -6.995 -8.631 -9.029 -11.073 -11.923 -14.014 -14.281 -14.557 -14.72 -14.861 -10.178 -14.661 -14.37 -14.813 -15.159 -14.749 -14.985 -14.758 -14.481 -13.695 -13.158 -12.478 -8.899
7.15 -9.938 -0.732 -10.44 -6.522 -11.535 -13.042 -0.173 -1.39 -0.267 1.999 4.255 2.847 -5.423 -7.083 -8.704 -9.078 -11.121 -11.933 -14.007 -14.283 -14.57 -14.716 -14.849 -10.223 -14.68 -14.369 -14.807 -15.169 -14.767 -15.004 -14.787 -14.525 -13.732 -13.168 -12.415 -8.936
7.25 -9.9 -0.701 -10.403 -6.051 -11.504 -13.028 -0.151 -1.372 -0.237 2.099 4.674 2.858 -4.462 -6.652 -8.409 -8.81 -11.095 -11.908 -13.989 -14.263 -14.547 -14.7 -14.845 -10.114 -14.652 -14.346 -14.803 -15.143 -14.745 -14.991 -14.762 -14.484 -13.646 -13.136 -12.345 -8.849
7.35 -9.826 -0.725 -10.328 -6.268 -11.425 -12.964 -0.127 -1.298 -0.169 2.241 -3.314 -3.662 -4.693 -6.81 -8.388 -8.805 -10.958 -11.832 -13.963 -14.258 -14.559 -14.693 -14.824 -10.057 -14.611 -14.347 -14.788 -15.134 -14.759 -14.999 -14.748 -14.432 -13.567 -13.101 -12.206 -9.088
7.45 -9.827 -0.668 -10.329 -6.263 -11.427 -12.948 -0.11 -1.278 -0.151 2.069 -3.309 -4.563 -5.017 -6.803 -8.516 -8.907 -10.987 -11.825 -13.926 -14.223 -14.518 -14.682 -14.829 -10.145 -14.605 -14.297 -14.787 -15.119 -14.733 -14.995 -14.737 -14.41 -13.581 -13.065 -12.231 -9.092
7.55 -9.778 -0.578 -10.28 -6.227 -11.377 -12.91 -0.021 -1.236 -0.105 2.325 4.512 -3.622 -4.704 -6.811 -8.397 -8.803 -10.927 -11.782 -13.892 -14.205 -14.504 -14.654 -14.787 -10.112 -14.594 -14.273 -14.752 -15.108 -14.723 -14.982 -14.734 -14.42 -13.587 -12.984 -12.332 -8.725
7.65 -9.693 -0.496 -10.195 -6.1 -11.292 -12.852 0.063 -1.17 -0.031 2.417 4.956 3.143 -4.655 -6.656 -8.119 -8.497 -10.823 -11.709 -13.83 -14.153 -14.455 -14.614 -14.752 -9.942 -14.56 -14.219 -14.715 -15.077 -14.691 -14.973 -14.715 -14.386 -13.544 -12.912 -12.177 -9.174
7.75 -9.707 -0.503 -10.209 -6.378 -11.304 -12.84 0.069 -1.159 -0.029 2.26 4.733 3.128 -5.282 -6.944 -8.442 -8.809 -10.845 -11.687 -13.824 -14.151 -14.456 -14.61 -14.734 -10.031 -14.539 -14.205 -14.706 -15.066 -14.685 -14.957 -14.701 -14.374 -13.479 -12.969 -12.149 -9.181
7.85 -9.697 -0.49 -10.199 -6.069 -11.298 -12.824 0.051 -1.156 -0.02 2.245 4.563 3.071 -4.891 -6.656 -8.356 -8.73 -10.844 -11.696 -13.798 -14.122 -14.424 -14.595 -14.732 -10.035 -14.511 -14.196 -14.694 -15.043 -14.679 -14.941 -14.671 -14.321 -13.43 -12.921 -12.223 -9.312
7.95 -9.614 -0.429 -10.116 -6.068 -11.214 -12.725 0.15 -1.058 0.07 2.281 -3.306 -3.782 -4.845 -6.612 -8.285 -8.67 -10.813 -11.593 -13.797 -14.128 -14.448 -14.572 -14.699 -9.984 -14.484 -14.201 -14.667 -15.032 -14.674 -14.912 -14.647 -14.311 -13.369 -12.954 -12.08 -9.017
8.05 -9.626 -0.425 -10.129 -6.071 -11.226 -12.759 0.124 -1.091 0.04 2.429 4.787 3.127 -5.052 -6.62 -7.912 -8.272 -10.824 -11.648 -13.772 -14.102 -14.416 -14.565 -14.702 -9.933 -14.471 -14.169 -14.665 -15.016 -14.66 -14.929 -14.659 -14.311 -13.269 -12.836 -12.162 -9.513
8.15 -9.596 -0.414 -10.098 -6.253 -11.192 -12.748 0.143 -1.07 0.068 2.419 2.364 -3.684 -4.667 -6.798 -8.241 -8.654 -10.694 -11.593 -13.72 -14.089 -14.414 -14.546 -14.663 -9.842 -14.44 -14.132 -14.644 -14.986 -14.62 -14.902 -14.622 -14.26 -13.235 -12.735 -12.109 -9.648
8.25 -9.544 -0.342 -10.047 -6.165 -11.142 -12.674 0.208 -1.004 0.132 2.528 4.647 3.285 -4.946 -6.736 -8.232 -8.612 -10.681 -11.545 -13.673 -14.04 -14.36 -14.519 -14.653 -9.82 -14.416 -14.092 -14.624 -14.971 -14.627 -14.897 -14.604 -14.213 -13.224 -12.834 -12.044 -9.313
8.35 -9.527 -0.368 -10.029 -6.025 -11.125 -12.657 0.19 -0.986 0.145 2.442 -3.201 -3.64 -5.489 -6.533 -8.148 -8.487 -10.699 -11.533 -13.644 -14.002 -14.322 -14.484 -14.629 -9.864 -14.398 -14.058 -14.598 -14.947 -14.6 -14.872 -14.576 -14.185 -13.101 -12.81 -12.107 -9.623
8.45 -9.456 -0.242 -9.958 -6.124 -11.052 -12.584 0.328 -0.9 0.235 2.468 4.849 3.38 -4.673 -6.69 -8.172 -8.548 -10.607 -11.448 -13.59 -13.975 -14.3 -14.455 -14.578 -9.86 -14.374 -14.016 -14.557 -14.927 -14.592 -14.874 -14.569 -14.158 -13.185 -12.757 -12.06 -10.123
8.55 -9.399 -0.201 -9.901 -5.584 -11.002 -12.531 0.374 -0.855 0.27 2.615 4.92 -3.581 -4.79 -6.17 -7.954 -8.32 -10.589 -11.389 -13.604 -13.979 -14.305 -14.447 -14.563 -9.748 -14.328 -14.034 -14.542 -14.902 -14.553 -14.855 -14.544 -14.123 -13.051 -12.583 -11.949 -9.825
8.65 -9.438 -0.241 -9.94 -5.957 -11.035 -12.554 0.322 -0.895 0.233 2.641 4.699 -3.571 -4.199 -6.524 -8.033 -8.44 -10.63 -11.435 -13.564 -13.939 -14.27 -14.412 -14.556 -9.73 -14.326 -13.995 -14.529 -14.883 -14.524 -14.841 -14.534 -14.118 -13.063 -12.704 -11.892 -9.358
8.75 -9.367 -0.157 -9.869 -6.124 -10.962 -12.469 0.418 -0.807 0.324 2.56 4.803 3.407 -5.257 -6.67 -8.109 -8.454 -10.559 -11.348 -13.522 -13.916 -14.254 -14.383 -14.505 -9.767 -14.269 -13.964 -14.479 -14.846 -14.506 -14.812 -14.493 -14.057 -12.914 -12.665 -11.829 -9.198
8.85 -9.314 -0.109 -9.816 -5.887 -10.912 -12.428 0.455 -0.761 0.373 2.518 4.609 -3.57 -4.274 -6.466 -8.079 -8.492 -10.477 -11.29 -13.482 -13.901 -14.248 -14.372 -14.477 -9.706 -14.243 -13.937 -14.465 -14.838 -14.523 -14.799 -14.469 -14.007 -12.931 -12.591 -11.909 -9.528
8.95 -9.319 -0.09 -9.821 -6.066 -10.913 -12.382 0.484 -0.74 0.385 2.449 4.821 3.534 -5.241 -6.638 -8.187 -8.558 -10.563 -11.295 -13.445 -13.876 -14.228 -14.365 -14.472 -9.806 -14.211 -13.909 -14.456 -14.818 -14.53 -14.784 -14.446 -13.97 -12.816 -12.57 -11.726 -9.445
9.05 -9.279 -0.247 -9.781 -5.924 -10.875 -12.399 0.462 -0.731 0.396 2.588 -2.981 -3.272 -5.215 -6.444 -7.977 -8.312 -10.454 -11.269 -13.415 -13.853 -14.202 -14.337 -14.438 -9.669 -14.167 -13.881 -14.425 -14.783 -14.474 -14.742 -14.409 -13.944 -12.74 -12.487 -11.685 -9.527
9.15 -9.233 -0.024 -9.735 -5.782 -10.831 -12.345 0.559 -0.685 0.458 2.695 4.991 3.572 -4.696 -6.345 -7.802 -8.176 -10.444 -11.235 -13.351 -13.788 -14.141 -14.276 -14.382 -9.629 -14.164 -13.811 -14.37 -14.756 -14.46 -14.733 -14.401 -13.94 -12.688 -12.547 -11.781 -9.985
9.25 -9.212 0.023 -9.714 -6.131 -10.805 -12.259 0.612 -0.619 0.515 2.549 4.925 3.639 -5.318 -6.686 -8.165 -8.532 -10.47 -11.182 -13.298 -13.755 -14.107 -14.252 -14.359 -9.805 -14.114 -13.766 -14.353 -14.727 -14.428 -14.71 -14.365 -13.874 -12.668 -12.417 -11.775 -9.741
9.35 -9.152 0.061 -9.653 -6.089 -10.743 -12.273 0.647 -0.592 0.547 2.773 5.177 3.657 -4.735 -6.651 -7.984 -8.377 -10.261 -11.118 -13.3 -13.734 -14.078 -14.217 -14.327 -9.61 -14.118 -13.76 -14.312 -14.717 -14.417 -14.715 -14.37 -13.878 -12.639 -12.396 -11.728 -10.244
9.45 -9.139 -0.211 -9.64 -5.892 -10.733 -12.243 0.638 -0.567 0.563 2.72 -2.943 -2.499 -4.776 -6.426 -7.9 -8.282 -10.319 -11.104 -13.271 -13.69 -14.034 -14.156 -14.268 -9.614 -14.079 -13.709 -14.261 -14.678 -14.419 -14.679 -14.329 -13.828 -12.527 -12.44 -11.751 -10.017
9.55 -9.135 0.072 -9.637 -5.956 -10.729 -12.246 0.654 -0.574 0.56 2.84 5.038 3.532 -5.228 -6.485 -7.832 -8.183 -10.325 -11.106 -13.24 -13.678 -14.024 -14.15 -14.259 -9.561 -14.05 -13.689 -14.248 -14.657 -14.394 -14.655 -14.293 -13.765 -12.546 -12.347 -11.631 -9.968
9.65 -9.085 0.135 -9.587 -5.896 -10.679 -12.15 0.745 -0.509 0.617 2.88 5.225 3.626 -4.738 -6.448 -7.723 -8.103 -10.388 -11.068 -13.188 -13.629 -13.978 -14.108 -14.213 -9.597 -13.991 -13.65 -14.205 -14.615 -14.379 -14.611 -14.249 -13.725 -12.443 -12.228 -11.616 -9.653
9.75 -9.061 0.167 -9.563 -5.703 -10.657 -12.112 0.759 -0.471 0.654 2.772 5.052 -2.305 -4.675 -6.268 -7.789 -8.166 -10.372 -11.05 -13.154 -13.599 -13.948 -14.069 -14.169 -9.626 -13.953 -13.629 -14.157 -14.582 -14.332 -14.597 -14.224 -13.672 -12.325 -12.234 -11.486 -9.529
9.85 -8.979 0.25 -9.481 -5.805 -10.572 -12.017 0.854 -0.386 0.746 2.795 5.242 -3.084 -4.662 -6.362 -7.721 -8.09 -10.304 -10.972 -13.101 -13.57 -13.936 -14.052 -14.119 -9.619 -13.914 -13.595 -14.117 -14.552 -14.314 -14.545 -14.175 -13.633 -12.351 -12.2 -11.5 -10.326
9.95 -9.016 0.226 -9.518 -5.649 -10.612 -12.048 0.81 -0.421 0.709 2.77 5.266 3.822 -3.647 -6.229 -7.783 -8.184 -10.351 -11.0 -13.061 -13.526 -13.884 -14.011 -14.093 -9.623 -13.885 -13.541 -14.087 -14.52 -14.31 -14.518 -14.136 -13.565 -12.213 -12.185 -11.522 -10.393
10.05 -8.996 0.118 -9.498 -5.724 -10.592 -12.029 0.827 -0.404 0.726 -0.063 -0.081 3.775 -4.591 -6.303 -7.798 -8.153 -10.311 -10.986 -13.056 -13.51 -13.87 -13.974 -14.05 -9.621 -13.87 -13.523 -14.057 -14.503 -14.281 -14.508 -14.12 -13.532 -12.179 -12.167 -11.564 -10.228
10.15 -8.978 0.251 -9.48 -5.801 -10.571 -12.007 0.837 -0.4 0.719 3.072 5.103 3.792 -4.232 -6.366 -7.731 -8.131 -10.302 -10.961 -13.001 -13.472 -13.838 -13.934 -14.0 -9.509 -13.855 -13.468 -14.011 -14.486 -14.305 -14.491 -14.102 -13.512 -12.161 -12.174 -11.629 -10.332
10.25 -8.981 0.252 -9.483 -6.004 -10.568 -12.022 0.835 -0.392 0.74 2.831 5.154 3.801 -4.703 -6.545 -7.862 -8.238 -10.273 -10.959 -12.966 -13.412 -13.766 -13.88 -13.978 -9.545 -13.821 -13.396 -13.985 -14.446 -14.269 -14.47 -14.084 -13.506 -12.131 -12.071 -11.397 -10.181
10.35 -8.872 0.358 -9.374 -5.333 -10.471 -11.904 0.948 -0.283 0.843 2.964 5.461 -0.611 -4.512 -5.925 -7.586 -7.944 -10.219 -10.866 -12.886 -13.37 -13.737 -13.821 -13.878 -9.459 -13.769 -13.37 -13.894 -14.408 -14.237 -14.449 -14.033 -13.369 -11.997 -12.154 -11.457 -10.514
10.45 -8.887 0.349 -9.389 -6.18 -10.468 -11.882 0.957 -0.268 0.854 3.096 5.278 3.9 -5.07 -6.707 -7.741 -8.111 -10.241 -10.854 -12.861 -13.31 -13.659 -13.775 -13.868 -9.516 -13.725 -13.31 -13.867 -14.371 -14.213 -14.418 -13.999 -13.333 -11.891 -12.152 -11.347 -10.179
10.55 -8.876 0.348 -9.377 -5.973 -10.463 -11.895 0.939 -0.265 0.856 2.889 5.127 -3.468 -5.259 -6.514 -7.84 -8.204 -10.173 -10.834 -12.803 -13.254 -13.599 -13.716 -13.797 -9.487 -13.704 -13.256 -13.794 -14.333 -14.199 -14.397 -13.974 -13.289 -11.951 -11.88 -11.542 -10.474
10.65 -8.86 0.386 -9.362 -6.067 -10.443 -11.879 0.984 -0.252 0.875 2.804 5.277 3.975 -4.897 -6.612 -7.878 -8.236 -10.151 -10.824 -12.765 -13.227 -13.573 -13.689 -13.781 -9.519 -13.682 -13.22 -13.778 -14.301 -14.153 -14.353 -13.944 -13.3 -11.807 -11.999 -11.357 -10.342
10.75 -8.783 0.475 -9.285 -5.83 -10.37 -11.739 1.09 -0.154 0.959 3.022 5.608 2.309 -4.64 -6.392 -7.765 -8.134 -10.185 -10.754 -12.716 -13.183 -13.54 -13.631 -13.688 -9.502 -13.629 -13.165 -13.706 -14.265 -14.147 -14.315 -13.895 -13.226 -11.9 -12.02 -11.276 -10.353
10.85 -8.761 0.49 -9.263 -5.944 -10.344 -11.71 1.108 -0.121 0.996 2.923 4.939 -3.204 -4.331 -6.498 -7.864 -8.261 -10.139 -10.719 -12.656 -13.15 -13.511 -13.608 -13.642 -9.508 -13.613 -13.146 -13.658 -14.24 -14.122 -14.288 -13.871 -13.212 -11.783 -12.002 -11.325 -10.451
10.95 -8.791 0.462 -9.293 -5.819 -10.38 -11.739 1.063 -0.165 0.949 3.075 5.271 4.034 -4.943 -6.361 -7.74 -8.124 -10.205 -10.764 -12.632 -13.1 -13.453 -13.541 -13.578 -9.507 -13.579 -13.084 -13.598 -14.189 -14.061 -14.265 -13.83 -13.118 -11.631 -11.977 -11.337 -10.565
11.05 -8.736 0.533 -9.237 -5.922 -10.319 -11.645 1.153 -0.076 1.022 2.888 5.275 4.042 -4.911 -6.466 -7.826 -8.162 -10.193 -10.696 -12.583 -13.059 -13.407 -13.516 -13.569 -9.521 -13.537 -13.031 -13.585 -14.17 -14.074 -14.228 -13.796 -13.091 -11.629 -12.067 -11.141 -10.478
11.15 -8.735 0.53 -9.237 -5.819 -10.322 -11.606 1.128 -0.09 1.021 2.964 5.228 4.138 -4.888 -6.366 -7.715 -8.055 -10.274 -10.743 -12.522 -12.991 -13.354 -13.434 -13.477 -9.491 -13.504 -12.964 -13.508 -14.129 -14.05 -14.2 -13.762 -13.036 -11.743 -11.923 -11.07 -10.53
11.25 -8.732 0.54 -9.235 -5.537 -10.327 -11.614 1.151 -0.084 1.036 2.977 5.518 4.124 -4.346 -6.122 -7.663 -8.043 -10.26 -10.735 -12.504 -12.971 -13.326 -13.409 -13.458 -9.533 -13.459 -12.934 -13.481 -14.098 -14.02 -14.149 -13.713 -12.997 -11.525 -11.849 -11.161 -10.464
11.35 -8.731 0.538 -9.233 -6.089 -10.31 -11.598 1.137 -0.072 1.044 2.873 5.024 4.087 -4.996 -6.629 -7.915 -8.297 -10.202 -10.699 -12.442 -12.9 -13.243 -13.314 -13.361 -9.483 -13.453 -12.862 -13.387 -14.064 -13.987 -14.146 -13.702 -12.968 -11.476 -11.916 -11.155 -10.787
11.45 -8.717 0.561 -9.219 -5.874 -10.303 -11.585 1.141 -0.059 1.056 3.003 5.186 4.086 -4.604 -6.442 -7.835 -8.24 -10.192 -10.686 -12.426 -12.86 -13.206 -13.258 -13.319 -9.515 -13.394 -12.844 -13.341 -14.02 -13.955 -14.101 -13.659 -12.919 -11.456 -11.734 -10.978 -10.749
11.55 -8.693 0.567 -9.195 -5.957 -10.277 -11.559 1.151 -0.045 1.077 3.163 5.166 -3.075 -5.05 -6.502 -7.757 -8.127 -10.186 -10.679 -12.364 -12.809 -13.15 -13.203 -13.221 -9.462 -13.407 -12.792 -13.257 -13.997 -13.926 -14.102 -13.66 -12.923 -11.346 -11.855 -11.243 -11.012
11.65 -8.641 0.613 -9.143 -5.966 -10.22 -11.554 1.207 -0.004 1.113 3.089 5.18 -2.726 -4.938 -6.494 -7.698 -8.049 -10.077 -10.621 -12.299 -12.753 -13.085 -13.147 -13.16 -9.369 -13.353 -12.733 -13.194 -13.956 -13.919 -14.053 -13.586 -12.773 -11.429 -11.788 -11.01 -11.023
11.75 -8.613 0.643 -9.115 -5.725 -10.2 -11.428 1.245 0.071 1.168 2.974 -2.422 -2.953 -4.819 -6.261 -7.805 -8.163 -10.154 -10.594 -12.226 -12.663 -12.994 -13.055 -13.078 -9.498 -13.302 -12.671 -13.087 -13.914 -13.899 -14.025 -13.552 -12.717 -11.278 -11.847 -10.939 -10.802
11.85 -8.59 0.665 -9.092 -5.626 -10.177 -11.446 1.313 0.059 1.179 3.18 5.36 -1.874 -4.747 -6.169 -7.599 -7.973 -10.136 -10.599 -12.182 -12.61 -12.939 -12.987 -12.996 -9.338 -13.273 -12.579 -13.029 -13.866 -13.861 -14.001 -13.516 -12.645 -11.144 -11.8 -11.072 -10.719
11.95 -8.568 0.721 -9.07 -5.95 -10.147 -11.343 1.356 0.14 1.244 2.999 5.241 3.788 -5.315 -6.485 -7.78 -8.103 -10.147 -10.547 -12.12 -12.583 -12.913 -12.972 -12.945 -9.519 -13.227 -12.567 -12.983 -13.828 -13.828 -13.95 -13.475 -12.641 -11.22 -11.733 -10.907 -10.974
12.05 -8.552 0.768 -9.054 -5.908 -10.13 -11.273 1.415 0.177 1.28 3.001 5.244 4.441 -4.733 -6.466 -7.888 -8.271 -10.16 -10.515 -12.066 -12.525 -12.857 -12.875 -12.82 -9.518 -13.213 -12.491 -12.876 -13.803 -13.806 -13.955 -13.464 -12.573 -11.143 -11.721 -11.055 -10.886
12.15 -8.534 0.71 -9.036 -5.82 -10.114 -11.278 1.344 0.163 1.273 3.042 -2.376 -2.845 -4.758 -6.344 -7.763 -8.148 -10.144 -10.518 -12.057 -12.464 -12.795 -12.827 -12.815 -9.415 -13.18 -12.435 -12.864 -13.762 -13.752 -13.911 -13.416 -12.506 -11.115 -11.742 -11.013 -10.983
12.25 -8.561 0.711 -9.063 -5.908 -10.141 -11.278 1.359 0.148 1.255 3.027 -0.102 -2.941 -5.03 -6.449 -7.802 -8.174 -10.2 -10.558 -11.993 -12.433 -12.761 -12.773 -12.756 -9.516 -13.151 -12.397 -12.8 -13.722 -13.684 -13.882 -13.384 -12.468 -11.039 -11.747 -10.874 -10.939
12.35 -8.489 0.788 -8.99 -6.075 -10.061 -11.173 1.435 0.229 1.333 3.099 -1.852 -2.728 -5.217 -6.603 -7.838 -8.196 -10.117 -10.466 -11.848 -12.342 -12.686 -12.735 -12.715 -9.427 -13.116 -12.25 -12.764 -13.688 -13.669 -13.855 -13.357 -12.437 -11.032 -11.736 -10.902 -10.98
12.45 -8.497 0.816 -8.999 -6.039 -10.068 -11.167 1.43 0.227 1.337 3.062 5.131 4.433 -4.877 -6.572 -7.821 -8.193 -10.152 -10.492 -11.828 -12.273 -12.603 -12.596 -12.527 -9.425 -13.097 -12.231 -12.603 -13.648 -13.647 -13.844 -13.34 -12.396 -10.908 -11.743 -10.979 -11.002
12.55 -8.538 0.78 -9.04 -6.038 -10.11 -11.199 1.388 0.182 1.296 2.95 5.235 4.273 -4.944 -6.58 -7.916 -8.296 -10.17 -10.527 -11.819 -12.243 -12.561 -12.575 -12.487 -9.513 -13.078 -12.223 -12.563 -13.625 -13.599 -13.822 -13.306 -12.318 -10.97 -11.671 -10.927 -11.028
12.65 -8.479 0.73 -8.981 -6.037 -10.049 -11.131 1.376 0.24 1.347 3.03 -2.22 -3.964 -4.93 -6.564 -7.872 -8.258 -10.127 -10.475 -11.708 -12.151 -12.475 -12.484 -12.425 -9.434 -13.023 -12.122 -12.473 -13.583 -13.612 -13.779 -13.27 -12.301 -10.843 -11.627 -10.881 -11.068
12.75 -8.462 0.839 -8.965 -5.916 -10.034 -11.148 1.445 0.252 1.361 3.037 5.305 4.013 -4.907 -6.441 -7.646 -8.014 -10.139 -10.488 -11.692 -12.119 -12.435 -12.413 -12.325 -9.431 -13.009 -12.074 -12.405 -13.542 -13.546 -13.732 -13.225 -12.261 -10.838 -11.672 -10.901 -11.24
12.85 -8.424 0.849 -8.927 -5.888 -9.998 -11.099 1.473 0.285 1.396 3.336 1.272 -3.482 -4.569 -6.426 -7.709 -8.117 -10.072 -10.423 -11.683 -12.07 -12.371 -12.353 -12.269 -9.353 -12.984 -12.037 -12.338 -13.52 -13.523 -13.744 -13.224 -12.225 -10.71 -11.618 -10.782 -11.05
12.95 -8.4 0.629 -8.902 -5.96 -9.972 -11.06 1.493 0.317 1.427 3.207 -2.163 -3.355 -4.947 -6.488 -7.748 -8.127 -10.048 -10.397 -11.589 -12.0 -12.293 -12.318 -12.241 -9.344 -12.957 -11.989 -12.278 -13.482 -13.485 -13.713 -13.177 -12.117 -10.639 -11.676 -10.779 -11.166
13.05 -8.394 0.702 -8.896 -5.914 -9.967 -11.027 1.499 0.333 1.443 3.12 -2.138 -3.303 -5.328 -6.436 -7.72 -8.06 -10.076 -10.405 -11.541 -11.946 -12.245 -12.237 -12.144 -9.365 -12.946 -11.929 -12.209 -13.459 -13.469 -13.687 -13.155 -12.099 -10.745 -11.551 -10.927 -11.31
13.15 -8.378 0.926 -8.88 -5.744 -9.955 -10.977 1.584 0.352 1.463 3.114 5.387 -0.289 -4.881 -6.293 -7.663 -8.021 -10.114 -10.399 -11.517 -11.867 -12.156 -12.117 -12.03 -9.326 -12.913 -11.862 -12.089 -13.428 -13.437 -13.667 -13.129 -12.037 -10.699 -11.631 -10.981 -11.091
13.25 -8.353 0.943 -8.856 -5.756 -9.933 -10.968 1.573 0.373 1.479 3.355 5.33 -2.672 -4.902 -6.3 -7.588 -7.972 -10.078 -10.379 -11.45 -11.821 -12.105 -12.073 -11.966 -9.345 -12.9 -11.815 -12.023 -13.387 -13.363 -13.668 -13.117 -11.982 -10.428 -11.547 -10.889 -11.234
13.35 -8.364 0.941 -8.867 -5.768 -9.938 -10.975 1.578 0.367 1.479 3.092 4.62 -2.656 -4.391 -6.325 -7.735 -8.125 -10.061 -10.389 -11.384 -11.735 -12.019 -11.952 -11.844 -9.363 -12.847 -11.708 -11.912 -13.344 -13.324 -13.609 -13.05 -11.855 -10.659 -11.554 -10.76 -11.235
13.45 -8.331 0.993 -8.834 -5.812 -9.904 -10.89 1.619 0.408 1.521 3.185 5.46 4.554 -4.689 -6.357 -7.577 -7.946 -10.102 -10.375 -11.297 -11.676 -11.962 -11.924 -11.805 -9.339 -12.835 -11.632 -11.909 -13.329 -13.303 -13.596 -13.045 -11.906 -10.555 -11.433 -10.728 -11.246
13.55 -8.363 0.948 -8.866 -5.806 -9.938 -10.916 1.58 0.378 1.486 3.171 5.413 -2.367 -5.016 -6.351 -7.681 -8.044 -10.119 -10.402 -11.261 -11.631 -11.906 -11.858 -11.733 -9.371 -12.829 -11.61 -11.799 -13.286 -13.244 -13.566 -13.001 -11.786 -10.438 -11.635 -10.772 -11.344
13.65 -8.36 0.963 -8.862 -5.966 -9.929 -10.862 1.612 0.4 1.515 3.136 5.248 2.839 -4.873 -6.51 -7.769 -8.149 -10.136 -10.386 -11.248 -11.597 -11.866 -11.802 -11.663 -9.378 -12.778 -11.581 -11.749 -13.253 -13.208 -13.555 -12.994 -11.8 -10.364 -11.498 -10.698 -11.189
13.75 -8.276 0.899 -8.779 -5.675 -9.854 -10.821 1.609 0.467 1.568 3.228 -2.155 -2.521 -4.657 -6.208 -7.612 -7.995 -10.029 -10.305 -11.204 -11.523 -11.777 -11.704 -11.583 -9.301 -12.758 -11.523 -11.649 -13.225 -13.2 -13.533 -12.953 -11.665 -10.319 -11.465 -10.727 -11.201
13.85 -8.307 0.993 -8.809 -5.89 -9.874 -10.794 1.649 0.46 1.568 2.938 4.417 -3.811 -4.916 -6.421 -7.797 -8.159 -10.079 -10.317 -11.115 -11.457 -11.724 -11.657 -11.543 -9.35 -12.752 -11.448 -11.587 -13.216 -13.163 -13.544 -12.967 -11.686 -10.278 -11.446 -10.582 -11.32
13.95 -8.324 0.987 -8.826 -5.903 -9.894 -10.846 1.626 0.426 1.546 3.153 5.419 2.98 -4.84 -6.447 -7.751 -8.122 -10.072 -10.355 -11.049 -11.424 -11.682 -11.62 -11.433 -9.329 -12.731 -11.399 -11.5 -13.167 -13.126 -13.495 -12.916 -11.628 -10.178 -11.313 -10.686 -11.427
14.05 -8.273 1.049 -8.775 -5.813 -9.841 -10.757 1.682 0.483 1.595 3.244 5.42 4.573 -4.584 -6.354 -7.687 -8.079 -10.058 -10.297 -11.018 -11.371 -11.627 -11.537 -11.35 -9.283 -12.727 -11.366 -11.433 -13.161 -13.116 -13.473 -12.901 -11.656 -10.341 -11.362 -10.676 -11.4
14.15 -8.249 0.439 -8.752 -5.824 -9.819 -10.782 1.664 0.49 1.594 3.294 -2.832 -2.203 -4.656 -6.337 -7.613 -7.981 -10.02 -10.286 -11.008 -11.325 -11.557 -11.47 -11.33 -9.233 -12.703 -11.305 -11.377 -13.126 -13.042 -13.423 -12.851 -11.604 -10.125 -11.442 -10.741 -11.494
14.25 -8.297 1.037 -8.8 -5.814 -9.869 -10.799 1.682 0.461 1.578 3.192 5.594 4.52 -4.605 -6.364 -7.699 -8.084 -10.065 -10.334 -10.922 -11.245 -11.46 -11.424 -11.332 -9.373 -12.672 -11.233 -11.374 -13.101 -13.018 -13.423 -12.839 -11.532 -10.03 -11.397 -10.66 -11.343
14.35 -8.289 0.492 -8.792 -5.81 -9.86 -10.784 1.629 0.45 1.569 3.202 -2.497 -2.406 -4.837 -6.327 -7.652 -8.011 -10.078 -10.336 -10.897 -11.216 -11.437 -11.369 -11.223 -9.312 -12.692 -11.192 -11.281 -13.087 -12.978 -13.434 -12.851 -11.544 -10.117 -11.401 -10.659 -11.514
14.45 -8.281 1.035 -8.784 -5.769 -9.851 -10.762 1.672 0.452 1.576 3.25 5.669 4.554 -4.749 -6.3 -7.471 -7.814 -10.133 -10.371 -10.857 -11.162 -11.383 -11.287 -11.141 -9.258 -12.652 -11.109 -11.228 -13.044 -12.96 -13.393 -12.794 -11.397 -10.058 -11.393 -10.725 -11.376
14.55 -8.246 1.053 -8.749 -5.862 -9.812 -10.79 1.691 0.469 1.593 3.515 5.409 4.56 -5.11 -6.372 -7.463 -7.803 -10.026 -10.315 -10.868 -11.148 -11.359 -11.239 -10.999 -9.186 -12.663 -11.091 -11.126 -13.031 -12.882 -13.408 -12.809 -11.409 -9.906 -11.372 -10.602 -11.536
14.65 -8.229 1.088 -8.731 -5.74 -9.801 -10.727 1.733 0.507 1.625 3.286 5.538 3.809 -4.5 -6.292 -7.616 -7.996 -10.018 -10.274 -10.801 -11.094 -11.303 -11.202 -11.066 -9.219 -12.631 -11.04 -11.127 -13.017 -12.897 -13.379 -12.784 -11.417 -9.956 -11.369 -10.541 -11.523
14.75 -8.204 1.093 -8.707 -5.744 -9.775 -10.732 1.757 0.521 1.638 3.351 3.565 -2.46 -4.501 -6.286 -7.56 -7.949 -9.97 -10.254 -10.78 -11.072 -11.279 -11.162 -10.986 -9.141 -12.601 -11.021 -11.075 -12.985 -12.85 -13.299 -12.709 -11.361 -10.092 -11.383 -10.566 -11.556
14.85 -8.261 0.982 -8.763 -5.759 -9.834 -10.717 1.623 0.495 1.615 3.174 -1.913 -2.294 -4.96 -6.29 -7.667 -8.018 -10.057 -10.313 -10.698 -10.99 -11.204 -11.124 -10.973 -9.329 -12.611 -10.967 -10.997 -12.966 -12.826 -13.359 -12.754 -11.301 -9.833 -11.385 -10.571 -11.451
14.95 -8.218 1.073 -8.72 -5.834 -9.781 -10.686 1.721 0.527 1.642 3.233 -1.528 -2.404 -4.457 -6.356 -7.594 -7.967 -10.033 -10.272 -10.726 -11.01 -11.208 -11.128 -11.011 -9.204 -12.593 -10.988 -11.03 -12.955 -12.772 -13.343 -12.736 -11.271 -9.872 -11.299 -10.477 -11.595
15.05 -8.224 1.107 -8.727 -5.665 -9.799 -10.714 1.75 0.524 1.649 3.212 5.532 4.619 -4.319 -6.223 -7.638 -8.026 -10.002 -10.271 -10.696 -10.971 -11.17 -11.074 -10.892 -9.236 -12.565 -10.943 -10.932 -12.929 -12.788 -13.287 -12.687 -11.277 -9.975 -11.299 -10.54 -11.618
15.15 -8.144 1.169 -8.646 -5.831 -9.708 -10.674 1.807 0.585 1.719 3.445 5.517 4.541 -4.714 -6.366 -7.558 -7.932 -9.873 -10.181 -10.665 -10.925 -11.113 -11.009 -10.859 -9.123 -12.552 -10.904 -10.916 -12.918 -12.787 -13.278 -12.679 -11.277 -9.798 -11.17 -10.606 -11.534
15.25 -8.222 1.106 -8.725 -5.511 -9.803 -10.736 1.724 0.516 1.639 3.279 5.691 4.649 -3.9 -6.098 -7.635 -8.041 -9.977 -10.266 -10.694 -10.914 -11.081 -10.981 -10.842 -9.227 -12.577 -10.894 -10.873 -12.898 -12.72 -13.28 -12.674 -11.234 -9.915 -11.323 -10.671 -11.489
15.35 -8.174 1.119 -8.676 -6.011 -9.73 -10.657 1.75 0.563 1.679 3.428 5.541 1.862 -5.164 -6.528 -7.538 -7.877 -9.951 -10.235 -10.595 -10.899 -11.121 -11.011 -10.828 -9.164 -12.546 -10.858 -10.887 -12.884 -12.703 -13.272 -12.663 -11.195 -9.948 -11.342 -10.469 -11.498
15.45 -8.157 1.131 -8.659 -5.942 -9.712 -10.632 1.769 0.596 1.713 3.472 -0.585 -2.992 -4.603 -6.449 -7.548 -7.94 -9.937 -10.206 -10.603 -10.837 -11.007 -10.935 -10.864 -9.171 -12.541 -10.792 -10.894 -12.873 -12.666 -13.254 -12.647 -11.188 -9.866 -11.304 -10.463 -11.607
15.55 -8.159 1.167 -8.661 -5.687 -9.73 -10.629 1.795 0.585 1.707 3.337 5.653 4.388 -4.352 -6.241 -7.579 -7.964 -9.951 -10.214 -10.506 -10.795 -10.971 -10.928 -10.799 -9.165 -12.517 -10.751 -10.818 -12.847 -12.666 -13.222 -12.611 -11.141 -9.795 -11.175 -10.534 -11.675
15.65 -8.134 1.186 -8.637 -5.71 -9.703 -10.606 1.812 0.599 1.722 3.496 5.508 4.665 -4.06 -6.258 -7.488 -7.888 -9.934 -10.191 -10.542 -10.771 -10.933 -10.836 -10.752 -9.088 -12.507 -10.732 -10.771 -12.829 -12.627 -13.229 -12.622 -11.182 -9.71 -11.211 -10.372 -11.562
15.75 -8.167 1.151 -8.669 -5.894 -9.729 -10.623 1.787 0.594 1.704 3.362 5.47 3.174 -5.263 -6.411 -7.579 -7.901 -9.97 -10.223 -10.552 -10.794 -10.974 -10.865 -10.708 -9.204 -12.503 -10.72 -10.754 -12.82 -12.629 -13.218 -12.61 -11.152 -9.822 -11.313 -10.437 -11.497
15.85 -8.158 1.166 -8.661 -5.803 -9.724 -10.614 1.8 0.59 1.708 3.274 5.45 4.598 -4.498 -6.346 -7.607 -7.986 -9.957 -10.206 -10.47 -10.748 -10.911 -10.847 -10.738 -9.161 -12.473 -10.684 -10.78 -12.796 -12.6 -13.189 -12.591 -11.186 -9.725 -11.205 -10.327 -11.526
15.95 -8.113 1.207 -8.615 -5.705 -9.682 -10.568 1.82 0.634 1.758 3.46 5.749 3.912 -4.411 -6.261 -7.537 -7.936 -9.887 -10.16 -10.463 -10.729 -10.913 -10.853 -10.734 -9.128 -12.465 -10.662 -10.776 -12.787 -12.605 -13.169 -12.562 -11.094 -9.572 -11.171 -10.313 -11.655
16.05 -8.132 1.186 -8.635 -5.863 -9.694 -10.559 1.82 0.619 1.729 3.57 5.36 -2.184 -4.804 -6.391 -7.592 -7.978 -9.926 -10.178 -10.45 -10.708 -10.9 -10.755 -10.595 -9.121 -12.462 -10.653 -10.647 -12.773 -12.594 -13.143 -12.548 -11.158 -9.718 -11.169 -10.315 -11.725
16.15 -8.117 1.166 -8.62 -5.719 -9.683 -10.541 1.8 0.623 1.745 3.322 -1.601 -2.904 -4.297 -6.245 -7.466 -7.864 -9.95 -10.189 -10.426 -10.697 -10.914 -10.768 -10.591 -9.11 -12.452 -10.675 -10.635 -12.76 -12.566 -13.126 -12.524 -11.109 -9.667 -11.184 -10.424 -11.6
16.25 -8.123 1.203 -8.626 -5.815 -9.685 -10.542 1.827 0.635 1.754 3.453 5.548 -1.989 -4.247 -6.354 -7.579 -7.991 -9.918 -10.172 -10.394 -10.682 -10.868 -10.768 -10.605 -9.17 -12.458 -10.635 -10.651 -12.752 -12.55 -13.101 -12.498 -11.07 -9.53 -11.239 -10.475 -11.731
16.35 -8.107 1.203 -8.61 -5.546 -9.681 -10.605 1.809 0.604 1.74 3.401 5.674 4.647 -3.871 -6.098 -7.379 -7.762 -9.916 -10.191 -10.41 -10.661 -10.835 -10.71 -10.568 -9.039 -12.435 -10.631 -10.603 -12.717 -12.517 -13.099 -12.492 -11.053 -9.63 -11.156 -10.368 -11.644
16.45 -8.125 1.186 -8.627 -5.714 -9.693 -10.589 1.815 0.607 1.722 3.452 5.666 4.634 -4.728 -6.256 -7.472 -7.839 -9.931 -10.196 -10.362 -10.625 -10.784 -10.723 -10.638 -9.079 -12.427 -10.525 -10.656 -12.7 -12.506 -13.067 -12.471 -11.098 -9.51 -11.207 -10.318 -11.693
16.55 -8.053 1.272 -8.555 -5.963 -9.604 -10.47 1.917 0.705 1.836 3.599 5.381 4.759 -4.488 -6.484 -7.509 -7.901 -9.853 -10.103 -10.32 -10.595 -10.781 -10.696 -10.56 -9.091 -12.407 -10.559 -10.584 -12.694 -12.476 -13.085 -12.484 -11.081 -9.637 -11.056 -10.355 -11.704
16.65 -8.054 1.257 -8.556 -5.766 -9.616 -10.542 1.888 0.679 1.804 3.426 5.527 3.346 -4.499 -6.298 -7.45 -7.838 -9.825 -10.111 -10.333 -10.581 -10.755 -10.689 -10.602 -9.029 -12.395 -10.513 -10.623 -12.671 -12.444 -13.053 -12.438 -10.941 -9.604 -11.15 -10.447 -11.626
16.75 -8.008 1.317 -8.511 -5.697 -9.572 -10.435 1.954 0.75 1.878 3.339 5.733 4.513 -4.664 -6.235 -7.49 -7.855 -9.814 -10.056 -10.312 -10.575 -10.758 -10.641 -10.468 -9.031 -12.365 -10.541 -10.518 -12.652 -12.419 -13.04 -12.43 -10.949 -9.649 -11.203 -10.277 -11.586
16.85 -8.05 1.26 -8.553 -5.64 -9.619 -10.521 1.861 0.676 1.806 3.466 5.557 4.751 -4.466 -6.181 -7.484 -7.863 -9.821 -10.106 -10.288 -10.562 -10.741 -10.627 -10.455 -8.984 -12.374 -10.523 -10.48 -12.649 -12.437 -13.016 -12.413 -10.98 -9.587 -11.132 -10.336 -11.609
16.95 -8.046 1.262 -8.549 -5.742 -9.611 -10.521 1.859 0.689 1.816 3.49 5.697 0.472 -4.823 -6.276 -7.509 -7.861 -9.811 -10.1 -10.271 -10.52 -10.685 -10.564 -10.396 -9.021 -12.356 -10.441 -10.467 -12.629 -12.432 -13.032 -12.417 -10.89 -9.547 -11.106 -10.212 -11.644
17.05 -8.047 1.232 -8.55 -5.854 -9.606 -10.461 1.864 0.713 1.837 3.45 -1.574 -2.866 -4.716 -6.369 -7.517 -7.886 -9.853 -10.103 -10.256 -10.503 -10.679 -10.531 -10.361 -9.055 -12.357 -10.46 -10.412 -12.624 -12.396 -12.995 -12.394 -10.976 -9.515 -11.199 -10.399 -11.604
17.15 -8.007 1.224 -8.51 -5.796 -9.567 -10.449 1.847 0.752 1.871 3.452 -1.948 -2.766 -4.75 -6.303 -7.553 -7.935 -9.758 -10.039 -10.212 -10.5 -10.681 -10.609 -10.425 -9.053 -12.325 -10.428 -10.491 -12.587 -12.346 -12.983 -12.386 -10.993 -9.739 -11.034 -10.199 -11.618
17.25 -7.99 1.3 -8.492 -5.843 -9.547 -10.428 1.936 0.756 1.879 3.614 0.744 -2.698 -5.097 -6.366 -7.523 -7.882 -9.74 -10.023 -10.194 -10.491 -10.679 -10.596 -10.419 -8.97 -12.344 -10.45 -10.462 -12.604 -12.351 -12.983 -12.379 -10.948 -9.683 -11.109 -10.246 -11.645
17.35 -7.978 1.334 -8.481 -5.704 -9.539 -10.399 1.972 0.776 1.898 3.484 5.495 -0.218 -4.81 -6.226 -7.367 -7.717 -9.797 -10.045 -10.185 -10.436 -10.607 -10.478 -10.368 -8.993 -12.34 -10.399 -10.409 -12.592 -12.358 -12.979 -12.377 -10.959 -9.614 -11.178 -10.257 -11.687
17.45 -7.907 1.333 -8.41 -5.661 -9.467 -10.32 1.944 0.84 1.96 3.664 -1.681 -2.737 -4.563 -6.167 -7.322 -7.711 -9.72 -9.967 -10.133 -10.374 -10.541 -10.511 -10.451 -8.885 -12.322 -10.322 -10.46 -12.571 -12.296 -12.979 -12.372 -10.931 -9.469 -11.012 -10.306 -11.679
17.55 -7.978 1.34 -8.481 -5.763 -9.538 -10.412 1.966 0.77 1.894 3.529 5.646 4.821 -4.649 -6.298 -7.48 -7.855 -9.763 -10.033 -10.136 -10.398 -10.575 -10.501 -10.402 -8.984 -12.321 -10.312 -10.421 -12.549 -12.273 -12.936 -12.343 -10.975 -9.481 -11.058 -10.274 -11.702
17.65 -7.936 1.386 -8.438 -5.824 -9.489 -10.338 2.019 0.817 1.946 3.555 5.601 4.796 -4.809 -6.344 -7.445 -7.793 -9.74 -9.986 -10.13 -10.374 -10.545 -10.452 -10.378 -8.96 -12.27 -10.32 -10.401 -12.527 -12.29 -12.917 -12.319 -10.921 -9.427 -10.977 -10.265 -11.571
17.75 -7.968 1.348 -8.47 -5.894 -9.518 -10.354 1.982 0.795 1.911 3.544 4.599 -1.886 -4.944 -6.408 -7.479 -7.836 -9.77 -10.016 -10.107 -10.383 -10.573 -10.456 -10.311 -9.01 -12.286 -10.318 -10.398 -12.53 -12.254 -12.922 -12.31 -10.81 -9.378 -11.054 -10.324 -11.708
17.85 -7.958 1.302 -8.461 -5.613 -9.523 -10.396 1.913 0.79 1.913 3.553 -1.519 -2.725 -4.191 -6.14 -7.371 -7.769 -9.756 -10.021 -10.139 -10.37 -10.537 -10.462 -10.384 -8.986 -12.265 -10.309 -10.407 -12.499 -12.245 -12.886 -12.281 -10.842 -9.543 -10.998 -10.246 -11.588
17.95 -7.925 1.374 -8.428 -5.662 -9.485 -10.306 2.02 0.824 1.943 3.634 5.374 -3.162 -4.471 -6.187 -7.392 -7.775 -9.753 -9.99 -10.061 -10.349 -10.543 -10.469 -10.371 -8.941 -12.281 -10.28 -10.394 -12.501 -12.21 -12.894 -12.292 -10.854 -9.554 -11.033 -10.233 -11.725
18.05 -7.927 1.388 -8.43 -5.841 -9.478 -10.336 2.035 0.833 1.953 3.599 5.519 4.85 -5.114 -6.344 -7.367 -7.702 -9.74 -9.989 -10.042 -10.318 -10.479 -10.397 -10.244 -8.949 -12.278 -10.278 -10.277 -12.504 -12.238 -12.895 -12.293 -10.861 -9.609 -11.022 -10.226 -11.778
18.15 -7.945 1.386 -8.447 -5.789 -9.501 -10.297 2.013 0.821 1.943 3.53 5.54 4.559 -4.395 -6.322 -7.462 -7.855 -9.768 -9.995 -9.982 -10.28 -10.47 -10.393 -10.276 -8.967 -12.24 -10.212 -10.318 -12.465 -12.198 -12.876 -12.266 -10.784 -9.532 -10.991 -10.205 -11.684
18.25 -7.886 1.427 -8.388 -5.817 -9.433 -10.3 2.059 0.857 1.977 3.708 5.63 4.717 -4.501 -6.328 -7.344 -7.723 -9.685 -9.939 -10.016 -10.267 -10.424 -10.334 -10.223 -8.85 -12.253 -10.21 -10.248 -12.467 -12.181 -12.832 -12.24 -10.897 -9.368 -11.028 -10.074 -11.852
18.35 -7.869 1.468 -8.372 -5.715 -9.428 -10.224 2.102 0.9 2.019 3.671 5.644 4.939 -4.455 -6.252 -7.43 -7.809 -9.681 -9.904 -9.974 -10.253 -10.433 -10.352 -10.27 -8.914 -12.207 -10.208 -10.326 -12.443 -12.151 -12.845 -12.226 -10.69 -9.481 -10.939 -10.174 -11.69
18.45 -7.805 1.507 -8.308 -5.555 -9.366 -10.234 2.124 0.939 2.058 3.793 5.877 4.755 -4.458 -6.087 -7.223 -7.608 -9.608 -9.864 -9.981 -10.258 -10.428 -10.357 -10.212 -8.802 -12.27 -10.183 -10.271 -12.463 -12.153 -12.834 -12.238 -10.86 -9.563 -10.98 -10.207 -11.891
18.55 -7.806 1.509 -8.308 -5.477 -9.371 -10.224 2.145 0.95 2.073 3.708 5.748 -1.71 -4.515 -6.007 -7.18 -7.539 -9.639 -9.882 -9.936 -10.215 -10.406 -10.313 -10.184 -8.856 -12.218 -10.155 -10.192 -12.426 -12.128 -12.814 -12.21 -10.772 -9.506 -11.075 -10.118 -11.779
18.65 -7.779 1.541 -8.282 -5.733 -9.329 -10.156 2.168 0.989 2.107 3.837 5.725 3.552 -4.774 -6.257 -7.361 -7.728 -9.565 -9.81 -9.923 -10.17 -10.343 -10.251 -10.152 -8.779 -12.196 -10.107 -10.199 -12.41 -12.125 -12.769 -12.176 -10.825 -9.137 -10.965 -10.199 -11.787
18.75 -7.821 1.497 -8.324 -5.79 -9.369 -10.188 2.139 0.948 2.066 3.64 5.461 -1.805 -4.864 -6.301 -7.368 -7.704 -9.645 -9.866 -9.952 -10.211 -10.39 -10.295 -10.175 -8.827 -12.19 -10.156 -10.212 -12.411 -12.127 -12.808 -12.202 -10.739 -9.403 -11.014 -10.195 -11.609
18.85 -7.844 1.48 -8.346 -5.694 -9.398 -10.206 2.106 0.917 2.044 3.642 5.742 4.302 -4.483 -6.226 -7.397 -7.764 -9.656 -9.892 -9.834 -10.108 -10.285 -10.265 -10.218 -8.864 -12.22 -10.064 -10.186 -12.4 -12.091 -12.795 -12.193 -10.769 -9.316 -10.95 -10.15 -11.826
18.95 -7.79 1.546 -8.293 -5.542 -9.354 -10.177 2.16 0.979 2.101 3.731 5.827 5.022 -4.438 -6.088 -7.367 -7.751 -9.57 -9.823 -9.87 -10.148 -10.322 -10.254 -10.19 -8.851 -12.164 -10.096 -10.194 -12.38 -12.082 -12.768 -12.157 -10.671 -9.366 -10.925 -10.079 -11.745
19.05 -7.775 1.555 -8.277 -5.724 -9.324 -10.144 2.209 1.003 2.129 3.671 5.608 2.433 -4.615 -6.239 -7.276 -7.637 -9.602 -9.823 -9.872 -10.095 -10.243 -10.172 -10.116 -8.846 -12.138 -10.021 -10.127 -12.349 -12.077 -12.756 -12.135 -10.57 -9.218 -11.021 -10.068 -11.656
19.15 -7.772 1.541 -8.274 -5.648 -9.325 -10.15 2.16 0.988 2.108 3.741 5.729 4.823 -4.638 -6.169 -7.312 -7.688 -9.569 -9.819 -9.806 -10.089 -10.277 -10.157 -10.1 -8.782 -12.172 -10.047 -10.121 -12.359 -12.035 -12.729 -12.135 -10.763 -9.233 -10.877 -10.131 -11.854
19.25 -7.731 1.591 -8.233 -5.564 -9.288 -10.122 2.227 1.021 2.141 3.782 5.812 5.0 -4.683 -6.086 -7.206 -7.565 -9.544 -9.787 -9.841 -10.092 -10.252 -10.204 -10.122 -8.753 -12.143 -10.044 -10.122 -12.333 -12.059 -12.731 -12.12 -10.634 -9.188 -10.978 -10.074 -11.751
19.35 -7.766 1.561 -8.268 -5.746 -9.315 -10.128 2.178 1.005 2.129 3.795 5.685 4.988 -4.576 -6.27 -7.342 -7.717 -9.564 -9.805 -9.76 -10.05 -10.24 -10.144 -10.071 -8.806 -12.114 -9.997 -10.1 -12.311 -12.0 -12.678 -12.084 -10.719 -9.118 -10.901 -9.989 -11.798
19.45 -7.724 1.595 -8.226 -5.649 -9.275 -10.092 2.203 1.032 2.156 3.932 5.883 5.08 -4.52 -6.181 -7.301 -7.681 -9.508 -9.761 -9.747 -10.004 -10.169 -10.105 -10.011 -8.686 -12.149 -9.954 -10.052 -12.328 -11.979 -12.722 -12.118 -10.681 -9.397 -10.862 -10.201 -11.797
19.55 -7.739 1.585 -8.241 -5.779 -9.281 -10.073 2.225 1.036 2.151 3.736 5.622 2.592 -4.693 -6.288 -7.288 -7.661 -9.564 -9.788 -9.737 -9.999 -10.17 -10.083 -10.014 -8.758 -12.114 -9.945 -10.033 -12.304 -11.968 -12.67 -12.067 -10.644 -9.177 -10.889 -10.107 -11.791
19.65 -7.711 1.617 -8.213 -5.73 -9.255 -10.047 2.254 1.055 2.181 3.71 5.776 5.091 -4.671 -6.244 -7.279 -7.655 -9.528 -9.756 -9.72 -10.01 -10.21 -10.116 -10.021 -8.709 -12.117 -9.927 -10.063 -12.299 -11.973 -12.674 -12.071 -10.639 -9.301 -10.861 -10.097 -11.806
19.75 -7.693 1.63 -8.196 -5.568 -9.247 -10.053 2.258 1.067 2.193 3.83 5.866 -1.625 -4.387 -6.101 -7.243 -7.627 -9.507 -9.738 -9.705 -9.985 -10.162 -10.102 -10.022 -8.737 -12.123 -9.911 -10.068 -12.285 -11.932 -12.674 -12.07 -10.633 -9.104 -10.927 -10.055 -11.794
19.85 -7.706 1.604 -8.208 -5.616 -9.258 -10.116 2.2 1.04 2.159 4.013 5.999 5.062 -4.562 -6.141 -7.245 -7.62 -9.47 -9.75 -9.701 -9.976 -10.138 -10.068 -9.988 -8.662 -12.096 -9.849 -10.004 -12.264 -11.921 -12.651 -12.037 -10.54 -9.259 -10.785 -10.023 -11.808
19.95 -7.64 1.683 -8.143 -5.59 -9.19 -10.006 2.326 1.126 2.251 3.845 5.941 3.69 -4.446 -6.116 -7.204 -7.588 -9.443 -9.688 -9.644 -9.94 -10.122 -10.057 -9.958 -8.647 -12.08 -9.836 -9.993 -12.262 -11.947 -12.634 -12.023 -10.539 -9.187 -10.965 -10.123 -11.785
20.05 -7.648 1.65 -8.151 -5.655 -9.195 -10.003 2.28 1.125 2.24 3.973 1.176 -2.354 -4.741 -6.161 -7.158 -7.513 -9.467 -9.708 -9.625 -9.958 -10.152 -10.086 -9.923 -8.686 -12.081 -9.85 -9.99 -12.253 -11.911 -12.632 -12.017 -10.505 -9.047 -10.875 -10.018 -11.885
20.15 -7.644 1.679 -8.146 -5.719 -9.184 -9.993 2.275 1.125 2.243 4.004 5.661 5.036 -4.51 -6.233 -7.232 -7.619 -9.417 -9.676 -9.646 -9.908 -10.095 -10.0 -9.873 -8.671 -12.064 -9.873 -9.87 -12.244 -11.918 -12.634 -12.03 -10.585 -9.084 -10.864 -9.985 -11.764
20.25 -7.585 1.753 -8.087 -5.628 -9.132 -9.902 2.395 1.204 2.322 3.999 6.113 5.205 -4.466 -6.164 -7.231 -7.618 -9.374 -9.608 -9.54 -9.876 -10.075 -10.012 -9.885 -8.656 -12.035 -9.798 -9.909 -12.218 -11.868 -12.61 -12.003 -10.549 -9.092 -10.828 -10.017 -11.727
20.35 -7.579 1.72 -8.081 -5.522 -9.13 -9.99 2.329 1.158 2.284 4.013 5.791 1.02 -4.573 -6.038 -7.101 -7.466 -9.358 -9.628 -9.6 -9.907 -10.11 -10.014 -9.921 -8.544 -12.051 -9.774 -9.984 -12.225 -11.91 -12.603 -11.998 -10.56 -9.128 -10.883 -10.095 -11.727
20.45 -7.577 1.726 -8.079 -5.552 -9.124 -9.962 2.338 1.17 2.3 3.993 4.926 -1.483 -4.647 -6.064 -7.09 -7.427 -9.38 -9.633 -9.553 -9.859 -10.06 -9.976 -9.849 -8.559 -12.048 -9.793 -9.887 -12.204 -11.829 -12.579 -11.978 -10.574 -9.275 -10.929 -9.975 -11.75
20.55 -7.535 1.776 -8.037 -5.571 -9.081 -9.899 2.415 1.231 2.355 4.072 5.703 -1.676 -4.824 -6.08 -7.076 -7.423 -9.337 -9.582 -9.52 -9.83 -10.015 -9.946 -9.909 -8.591 -12.032 -9.768 -9.9 -12.2 -11.829 -12.57 -11.975 -10.603 -9.215 -10.916 -9.98 -11.731
20.65 -7.568 1.755 -8.07 -5.692 -9.106 -9.91 2.36 1.21 2.328 3.931 5.738 5.076 -4.918 -6.198 -7.233 -7.572 -9.334 -9.588 -9.541 -9.847 -10.049 -9.949 -9.819 -8.628 -12.03 -9.777 -9.854 -12.187 -11.809 -12.57 -11.964 -10.519 -9.218 -10.921 -10.08 -11.74
20.75 -7.533 1.76 -8.035 -5.677 -9.07 -9.859 2.379 1.235 2.346 3.964 4.36 -2.322 -4.915 -6.181 -7.135 -7.467 -9.341 -9.564 -9.475 -9.771 -9.951 -9.901 -9.819 -8.519 -12.011 -9.681 -9.858 -12.168 -11.821 -12.562 -11.961 -10.551 -9.174 -10.767 -9.945 -11.763
20.85 -7.553 1.762 -8.055 -5.587 -9.095 -9.903 2.383 1.207 2.318 4.037 5.914 5.056 -4.682 -6.094 -7.081 -7.43 -9.364 -9.605 -9.475 -9.771 -9.941 -9.904 -9.86 -8.552 -12.015 -9.687 -9.858 -12.169 -11.819 -12.548 -11.937 -10.456 -9.126 -10.83 -10.009 -11.812
20.95 -7.522 1.774 -8.024 -5.719 -9.055 -9.86 2.427 1.255 2.369 3.993 4.926 -1.58 -5.071 -6.209 -7.113 -7.426 -9.328 -9.56 -9.466 -9.808 -10.001 -9.923 -9.785 -8.554 -12.005 -9.744 -9.843 -12.154 -11.782 -12.561 -11.957 -10.518 -9.138 -10.882 -9.879 -11.789
21.05 -7.467 1.61 -7.969 -5.573 -9.005 -9.793 2.483 1.307 2.422 3.98 -0.69 1.757 -4.559 -6.073 -7.024 -7.393 -9.294 -9.509 -9.495 -9.76 -9.945 -9.842 -9.781 -8.48 -12.003 -9.762 -9.797 -12.15 -11.773 -12.536 -11.93 -10.485 -9.093 -10.859 -10.051 -11.789
21.15 -7.518 1.813 -8.02 -5.732 -9.048 -9.845 2.419 1.265 2.386 3.908 5.815 3.819 -4.804 -6.244 -7.217 -7.563 -9.282 -9.527 -9.474 -9.737 -9.901 -9.854 -9.813 -8.581 -11.984 -9.704 -9.806 -12.13 -11.74 -12.529 -11.919 -10.435 -9.111 -10.777 -9.95 -11.759
21.25 -7.472 1.834 -7.974 -5.709 -9.002 -9.809 2.465 1.311 2.432 4.04 5.063 -1.392 -4.864 -6.211 -7.164 -7.513 -9.237 -9.484 -9.423 -9.69 -9.857 -9.826 -9.853 -8.506 -11.971 -9.625 -9.84 -12.122 -11.749 -12.511 -11.899 -10.41 -8.938 -10.749 -10.041 -11.75
21.35 -7.479 1.85 -7.981 -5.646 -9.014 -9.778 2.5 1.319 2.439 4.014 5.831 -1.355 -4.612 -6.155 -7.109 -7.475 -9.295 -9.508 -9.341 -9.649 -9.831 -9.788 -9.755 -8.568 -11.984 -9.585 -9.749 -12.125 -11.733 -12.528 -11.917 -10.43 -8.985 -10.816 -10.0 -11.766
21.45 -7.435 1.858 -7.937 -5.574 -8.974 -9.82 2.484 1.326 2.45 4.128 5.68 -2.252 -4.619 -6.081 -7.07 -7.443 -9.194 -9.46 -9.456 -9.744 -9.943 -9.831 -9.72 -8.433 -11.962 -9.695 -9.714 -12.108 -11.74 -12.463 -11.857 -10.413 -9.032 -10.807 -9.963 -11.77
21.55 -7.412 1.871 -7.913 -5.606 -8.947 -9.746 2.511 1.364 2.479 4.075 5.346 -2.829 -4.847 -6.112 -7.061 -7.399 -9.187 -9.436 -9.328 -9.644 -9.841 -9.762 -9.709 -8.452 -11.947 -9.583 -9.71 -12.09 -11.698 -12.482 -11.868 -10.36 -9.006 -10.795 -9.785 -11.813
21.65 -7.46 1.819 -7.961 -5.844 -8.976 -9.766 2.419 1.325 2.429 4.25 -0.993 -1.484 -4.956 -6.336 -7.18 -7.532 -9.211 -9.461 -9.362 -9.699 -9.908 -9.827 -9.682 -8.437 -11.958 -9.616 -9.716 -12.09 -11.698 -12.466 -11.863 -10.441 -9.019 -10.762 -9.939 -11.821
21.75 -7.418 1.871 -7.92 -5.742 -8.941 -9.744 2.511 1.376 2.481 4.114 -1.121 -1.609 -4.682 -6.237 -7.143 -7.498 -9.177 -9.421 -9.375 -9.667 -9.848 -9.767 -9.675 -8.464 -11.942 -9.587 -9.68 -12.072 -11.658 -12.471 -11.876 -10.504 -8.974 -10.728 -9.999 -11.721
21.85 -7.402 1.925 -7.903 -5.634 -8.931 -9.736 2.544 1.378 2.498 4.158 5.711 5.345 -4.507 -6.139 -7.098 -7.474 -9.161 -9.419 -9.311 -9.609 -9.81 -9.755 -9.702 -8.442 -11.941 -9.558 -9.686 -12.068 -11.67 -12.462 -11.865 -10.477 -8.87 -10.741 -9.875 -11.829
21.95 -7.353 1.943 -7.855 -5.594 -8.884 -9.639 2.584 1.435 2.557 4.184 -0.822 -1.312 -4.572 -6.101 -7.123 -7.492 -9.114 -9.342 -9.252 -9.601 -9.823 -9.745 -9.628 -8.384 -11.925 -9.553 -9.644 -12.051 -11.611 -12.442 -11.836 -10.388 -9.04 -10.826 -9.869 -11.765
22.05 -7.337 1.946 -7.839 -5.562 -8.872 -9.67 2.59 1.434 2.549 4.272 4.999 -2.49 -4.904 -6.065 -6.954 -7.273 -9.124 -9.368 -9.312 -9.634 -9.835 -9.748 -9.64 -8.373 -11.886 -9.589 -9.677 -12.027 -11.635 -12.418 -11.806 -10.308 -8.873 -10.746 -9.87 -11.703
22.15 -7.403 1.911 -7.905 -5.652 -8.933 -9.634 2.525 1.4 2.507 4.155 5.242 -2.12 -4.718 -6.159 -7.101 -7.475 -9.212 -9.412 -9.24 -9.535 -9.716 -9.669 -9.618 -8.47 -11.929 -9.492 -9.63 -12.041 -11.625 -12.434 -11.838 -10.443 -9.095 -10.727 -9.781 -11.868
22.25 -7.365 1.956 -7.866 -5.628 -8.893 -9.635 2.58 1.432 2.552 4.216 6.105 -0.213 -4.607 -6.143 -7.088 -7.453 -9.146 -9.366 -9.228 -9.532 -9.718 -9.689 -9.617 -8.395 -11.907 -9.47 -9.62 -12.027 -11.621 -12.401 -11.8 -10.376 -8.89 -10.724 -9.918 -11.813
22.35 -7.29 1.771 -7.791 -5.588 -8.818 -9.558 2.668 1.522 2.638 4.256 -0.933 -0.49 -4.603 -6.101 -7.098 -7.467 -9.041 -9.268 -9.251 -9.527 -9.732 -9.625 -9.598 -8.378 -11.904 -9.506 -9.587 -12.02 -11.602 -12.408 -11.805 -10.357 -9.12 -10.747 -9.886 -11.799
22.45 -7.335 1.969 -7.836 -5.622 -8.863 -9.62 2.598 1.468 2.578 4.129 5.078 -2.592 -4.593 -6.132 -7.15 -7.52 -9.08 -9.316 -9.187 -9.51 -9.709 -9.676 -9.656 -8.428 -11.885 -9.461 -9.642 -12.003 -11.588 -12.39 -11.79 -10.391 -8.992 -10.696 -9.917 -11.769
22.55 -7.304 2.004 -7.805 -5.669 -8.822 -9.59 2.661 1.505 2.624 4.251 4.182 -2.512 -4.47 -6.177 -7.098 -7.487 -9.044 -9.284 -9.194 -9.459 -9.641 -9.576 -9.541 -8.374 -11.874 -9.384 -9.55 -11.982 -11.545 -12.364 -11.773 -10.419 -9.214 -10.724 -9.914 -11.724
22.65 -7.291 2.031 -7.793 -5.522 -8.821 -9.606 2.657 1.499 2.615 4.315 6.203 3.976 -4.4 -6.038 -7.059 -7.448 -9.028 -9.282 -9.203 -9.532 -9.733 -9.638 -9.513 -8.374 -11.865 -9.477 -9.547 -11.976 -11.536 -12.344 -11.752 -10.39 -9.008 -10.687 -9.982 -11.748
22.75 -7.237 2.071 -7.739 -5.542 -8.76 -9.576 2.698 1.542 2.664 4.426 6.025 -2.088 -4.497 -6.051 -6.959 -7.326 -8.972 -9.241 -9.146 -9.485 -9.675 -9.655 -9.599 -8.238 -11.848 -9.374 -9.619 -11.97 -11.555 -12.346 -11.743 -10.318 -8.88 -10.751 -9.692 -11.745
22.85 -7.26 2.067 -7.762 -5.581 -8.784 -9.591 2.689 1.533 2.659 4.208 5.886 -1.275 -4.619 -6.095 -7.035 -7.4 -8.977 -9.245 -9.179 -9.498 -9.698 -9.638 -9.544 -8.306 -11.877 -9.437 -9.546 -11.975 -11.539 -12.357 -11.757 -10.344 -9.008 -10.716 -9.915 -11.828
22.95 -7.233 2.079 -7.734 -5.565 -8.757 -9.547 2.73 1.544 2.648 4.513 6.147 5.49 -4.638 -6.071 -6.982 -7.349 -8.979 -9.228 -9.174 -9.477 -9.66 -9.569 -9.496 -8.2 -11.85 -9.41 -9.507 -11.963 -11.528 -12.342 -11.745 -10.356 -9.035 -10.674 -9.971 -11.731
23.05 -7.257 2.072 -7.758 -5.632 -8.78 -9.527 2.727 1.563 2.679 4.049 5.5 -1.211 -4.931 -6.137 -7.105 -7.426 -9.007 -9.222 -9.159 -9.482 -9.686 -9.645 -9.542 -8.371 -11.84 -9.385 -9.563 -11.945 -11.515 -12.315 -11.722 -10.345 -9.147 -10.703 -9.866 -11.716
23.15 -7.195 2.128 -7.696 -5.494 -8.719 -9.501 2.759 1.59 2.708 4.254 6.018 -0.186 -4.364 -6.006 -6.957 -7.33 -8.943 -9.185 -9.098 -9.421 -9.622 -9.576 -9.556 -8.217 -11.839 -9.395 -9.537 -11.936 -11.471 -12.312 -11.711 -10.284 -8.851 -10.744 -9.824 -11.794
23.25 -7.209 2.101 -7.71 -5.648 -8.72 -9.452 2.746 1.606 2.713 4.272 2.683 -1.345 -4.532 -6.152 -7.007 -7.379 -8.974 -9.189 -9.133 -9.471 -9.682 -9.579 -9.488 -8.245 -11.835 -9.431 -9.539 -11.937 -11.477 -12.31 -11.712 -10.312 -8.93 -10.756 -9.884 -11.732
23.35 -7.157 2.133 -7.658 -5.674 -8.661 -9.456 2.771 1.638 2.747 4.426 4.625 -1.211 -4.865 -6.168 -6.998 -7.337 -8.861 -9.12 -9.087 -9.402 -9.61 -9.545 -9.507 -8.172 -11.811 -9.374 -9.505 -11.922 -11.454 -12.299 -11.699 -10.283 -8.954 -10.685 -9.913 -11.722
23.45 -7.152 2.179 -7.653 -5.621 -8.664 -9.391 2.835 1.672 2.789 4.305 5.877 5.679 -4.697 -6.124 -6.971 -7.317 -8.914 -9.124 -9.023 -9.383 -9.606 -9.512 -9.415 -8.216 -11.819 -9.33 -9.455 -11.909 -11.435 -12.292 -11.685 -10.223 -8.94 -10.629 -9.903 -11.805
23.55 -7.096 2.215 -7.597 -5.645 -8.596 -9.425 2.825 1.697 2.813 4.611 5.545 -1.366 -4.675 -6.135 -6.925 -7.278 -8.78 -9.06 -9.029 -9.321 -9.508 -9.411 -9.408 -8.122 -11.83 -9.279 -9.395 -11.913 -11.441 -12.278 -11.676 -10.254 -8.924 -10.763 -9.918 -11.821
23.65 -7.129 2.163 -7.63 -5.628 -8.638 -9.383 2.813 1.677 2.779 4.582 3.9 -2.329 -4.865 -6.127 -7.021 -7.367 -8.842 -9.08 -9.023 -9.364 -9.593 -9.475 -9.433 -8.158 -11.798 -9.29 -9.433 -11.891 -11.4 -12.267 -11.674 -10.316 -8.912 -10.609 -9.853 -11.778
23.75 -7.111 2.241 -7.612 -5.561 -8.622 -9.353 2.877 1.723 2.84 4.371 6.174 4.937 -4.13 -6.074 -6.952 -7.352 -8.85 -9.078 -9.007 -9.324 -9.539 -9.454 -9.43 -8.217 -11.786 -9.32 -9.425 -11.887 -11.416 -12.27 -11.661 -10.18 -9.042 -10.67 -9.859 -11.781
23.85 -7.0 2.335 -7.501 -5.57 -8.5 -9.2 2.984 1.824 2.927 4.596 5.983 5.782 -4.576 -6.068 -6.85 -7.219 -8.762 -8.96 -8.854 -9.179 -9.394 -9.329 -9.332 -8.049 -11.735 -9.098 -9.323 -11.816 -11.319 -12.198 -11.596 -10.168 -8.832 -10.57 -9.806 -11.735
23.95 -6.733 2.612 -7.233 -5.371 -8.226 -8.949 3.247 2.113 3.231 4.716 6.29 -1.322 -4.1 -5.881 -6.699 -7.085 -8.427 -8.66 -8.488 -8.848 -9.063 -9.038 -9.061 -7.845 -11.423 -8.85 -8.998 -11.488 -10.99 -11.88 -11.271 -9.794 -8.486 -10.369 -9.336 -11.462
24.05 -6.284 3.084 -6.783 -5.046 -7.759 -8.413 3.739 2.604 3.703 5.32 6.546 6.287 -3.608 -5.558 -6.387 -6.788 -7.915 -8.15 -8.118 -8.521 -8.786 -8.718 -8.618 -7.412 -11.094 -8.444 -8.652 -11.178 -10.649 -11.548 -10.941 -9.488 -8.032 -10.105 -9.003 -11.175
24.15 -5.88 3.47 -6.378 -4.962 -7.306 -8.001 4.121 3.015 4.1 5.804 6.965 6.925 -3.973 -5.449 -6.061 -6.418 -7.455 -7.711 -7.554 -7.968 -8.217 -8.127 -8.099 -7.014 -10.782 -7.914 -8.059 -10.826 -10.249 -11.202 -10.578 -8.96 -7.882 -9.686 -8.709 -11.007
24.25 -5.589 3.762 -6.087 -4.675 -7.015 -7.566 4.466 3.332 4.42 6.117 7.164 7.221 -3.563 -5.171 -5.808 -6.173 -7.235 -7.41 -7.02 -7.481 -7.736 -7.734 -7.7 -6.701 -10.41 -7.41 -7.676 -10.427 -9.856 -10.753 -10.144 -8.668 -7.378 -9.407 -8.287 -10.65
24.35 -5.003 4.346 -5.499 -4.356 -6.365 -6.923 5.031 3.973 5.024 7.081 7.878 7.858 -3.449 -4.849 -5.368 -5.712 -6.51 -6.721 -6.631 -7.116 -7.416 -7.21 -6.918 -6.14 -10.014 -7.075 -7.059 -10.026 -9.42 -10.368 -9.756 -8.276 -6.794 -8.941 -7.731 -10.265
24.45 -4.317 5.005 -4.813 -3.658 -5.684 -6.152 5.724 4.673 5.718 7.516 8.351 7.66 -2.748 -4.145 -4.705 -5.059 -5.85 -6.02 -5.608 -6.084 -6.308 -6.575 -6.692 -5.465 -9.562 -6.028 -6.632 -9.54 -8.905 -9.846 -9.214 -7.529 -6.305 -8.59 -7.443 -9.892
24.55 -3.771 5.448 -4.26 -3.713 -4.967 -4.64 6.298 5.576 6.506 7.937 8.339 0.085 -2.982 -4.193 -4.699 -5.03 -4.783 -4.734 -5.013 -5.419 -5.717 -5.579 -5.789 -5.148 -9.0 -5.467 -5.819 -9.038 -8.518 -9.267 -8.618 -6.794 -5.596 -7.722 -7.182 -9.517
24.65 -3.449 5.9 -3.937 -3.548 -4.51 -5.053 6.645 5.742 6.667 8.951 8.548 9.269 -2.831 -4.018 -4.379 -4.668 -4.06 -4.466 -4.516 -4.937 -5.127 -5.362 -5.413 -4.447 -8.522 -4.867 -5.468 -8.53 -8.092 -8.76 -8.155 -6.744 -5.297 -7.108 -5.701 -9.029
24.75 -2.847 6.376 -3.328 -3.404 -3.27 -3.627 7.168 6.584 7.439 12.255 8.791 9.51 -2.74 -3.851 -4.005 -4.27 -2.328 -3.127 -3.038 -4.02 -4.37 -4.882 -5.184 -3.409 -7.98 -4.087 -5.041 -8.165 -7.789 -8.522 -7.896 -6.317 -4.627 -6.703 -6.211 -8.314
24.85 -2.906 6.419 -3.391 -3.128 -3.896 -3.691 7.33 6.451 7.361 7.971 8.575 9.907 -2.658 -3.587 -3.951 -4.131 -3.8 -3.698 -3.041 -3.463 -3.844 -3.824 -4.423 -3.928 -7.532 -3.176 -4.302 -7.797 -7.631 -7.773 -7.147 -5.582 -3.832 -6.304 -5.229 -8.236
24.95 -2.716 6.442 -3.195 -3.257 -3.243 -3.21 7.415 6.725 7.48 9.848 8.903 9.885 -2.895 -3.702 -3.821 -3.892 -3.109 -3.2 -2.822 -3.651 -3.855 -4.005 -3.465 -3.231 -7.018 -3.151 -3.78 -7.46 -7.461 -7.474 -6.792 -4.767 -3.793 -6.237 -4.638 -7.531
