# time f200lp f300x f350lp f475x f600lp f850lp f218w f225w f275w f336w f390w f438w f475w f555w f606w f625w f775w f814w f105w f110w f125w f140w f160w f070w f090w f115w f150w f150w2 f200w f277w f322w2 f356w f444w f0560w f0770w f1000w
-1.95 nan nan nan nan nan nan nan nan nan nan nan nan nan nan nan nan nan nan nan nan nan nan nan nan nan nan nan nan nan nan nan nan nan nan nan nan
-1.85 nan nan nan nan nan nan nan nan nan nan nan nan nan nan nan nan nan nan nan nan nan nan nan nan nan nan nan nan nan nan nan nan nan nan nan nan
-1.75 nan nan nan nan nan nan nan nan nan nan nan nan nan nan nan nan nan nan nan nan nan nan nan nan nan nan nan nan nan nan nan nan nan nan nan nan
-1.65 nan nan nan nan nan nan nan nan nan nan nan nan nan nan nan nan nan nan nan nan nan nan nan nan nan nan nan nan nan nan nan nan nan nan nan nan
-1.55 nan nan nan nan nan nan nan nan nan nan nan nan nan nan nan nan nan nan nan nan nan nan nan nan nan nan nan nan nan nan nan nan nan nan nan nan
-1.45 nan nan nan nan nan nan nan nan nan nan nan nan nan nan nan nan nan nan nan nan nan nan nan nan nan nan nan nan nan nan nan nan nan nan nan nan
-1.35 nan nan nan nan nan nan nan nan nan nan nan nan nan nan nan nan nan nan nan nan nan nan nan nan nan nan nan nan nan nan nan nan nan nan nan nan
-1.25 nan nan nan nan nan nan nan nan nan nan nan nan nan nan nan nan nan nan nan nan nan nan nan nan nan nan nan nan nan nan nan nan nan nan nan nan
-1.15 nan nan nan nan nan nan nan nan nan nan nan nan nan nan nan nan nan nan nan nan nan nan nan nan nan nan nan nan nan nan nan nan nan nan nan nan
-1.05 nan nan nan nan nan nan nan nan nan nan nan nan nan nan nan nan nan nan nan nan nan nan nan nan nan nan nan nan nan nan nan nan nan nan nan nan
-0.95 nan nan nan nan nan nan nan nan nan nan nan nan nan nan nan nan nan nan nan nan nan nan nan nan nan nan nan nan nan nan nan nan nan nan nan nan
-0.85 nan nan nan nan nan nan nan nan nan nan nan nan nan nan nan nan nan nan nan nan nan nan nan nan nan nan nan nan nan nan nan nan nan nan nan nan
-0.75 nan nan nan nan nan nan nan nan nan nan nan nan nan nan nan nan nan nan nan nan nan nan nan nan nan nan nan nan nan nan nan nan nan nan nan nan
-0.65 nan nan nan nan nan nan nan nan nan nan nan nan nan nan nan nan nan nan nan nan nan nan nan nan nan nan nan nan nan nan nan nan nan nan nan nan
-0.55 nan nan nan nan nan nan nan nan nan nan nan nan nan nan nan nan nan nan nan nan nan nan nan nan nan nan nan nan nan nan nan nan nan nan nan nan
-0.45 nan nan nan nan nan nan nan nan nan nan nan nan nan nan nan nan nan nan nan nan nan nan nan nan nan nan nan nan nan nan nan nan nan nan nan nan
-0.35 nan nan nan nan nan nan nan nan nan nan nan nan nan nan nan nan nan nan nan nan nan nan nan nan nan nan nan nan nan nan nan nan nan nan nan nan
-0.25 nan nan nan nan nan nan nan nan nan nan nan nan nan nan nan nan nan nan nan nan nan nan nan nan nan nan nan nan nan nan nan nan nan nan nan nan
-0.15 nan nan nan nan nan nan nan nan nan nan nan nan nan nan nan nan nan nan nan nan nan nan nan nan nan nan nan nan nan nan nan nan nan nan nan nan
-0.05 nan nan nan nan nan nan nan nan nan nan nan nan nan nan nan nan nan nan nan nan nan nan nan nan nan nan nan nan nan nan nan nan nan nan nan nan
0.05 nan nan nan nan nan nan nan nan nan nan nan nan nan nan nan nan nan nan nan nan nan nan nan nan nan nan nan nan nan nan nan nan nan nan nan nan
0.15 nan nan nan nan nan nan nan nan nan nan nan nan nan nan nan nan nan nan nan nan nan nan nan nan nan nan nan nan nan nan nan nan nan nan nan nan
0.25 nan nan nan nan nan nan nan nan nan nan nan nan nan nan nan nan nan nan nan nan nan nan nan nan nan nan nan nan nan nan nan nan nan nan nan nan
0.35 -4.766 -2.537 -5.159 -5.586 -3.224 9.556 2.012 3.765 4.426 -4.087 -6.073 -5.98 -5.131 -5.042 -4.516 -5.005 8.485 10.426 nan nan nan nan nan -2.763 10.349 9.482 10.986 -2.569 11.791 6.483 0.734 3.959 6.493 nan nan nan
0.45 -8.862 -5.444 -9.329 -8.829 -9.957 -10.596 -2.868 -3.63 -4.576 -6.474 -8.146 -8.461 -8.772 -9.026 -9.299 -9.429 -9.931 -10.098 -10.767 -10.829 -10.811 -10.778 -10.428 -9.77 -10.636 -10.799 -10.575 -10.548 -10.209 -9.255 -8.743 -7.62 -7.997 -6.827 nan nan
0.55 -9.594 -4.178 -10.089 -8.507 -11.052 -11.994 -0.19 -2.053 -4.108 -4.768 -6.322 -6.954 -7.959 -8.92 -9.682 -9.99 -11.052 -11.302 -12.527 -12.581 -12.639 -12.73 -12.723 -10.539 -12.594 -12.568 -12.808 -12.882 -12.573 -12.408 -12.071 -11.593 -10.768 -10.693 -10.093 nan
0.65 -10.205 -2.471 -10.703 -8.832 -11.705 -12.824 -0.758 -1.425 -0.373 -3.806 -6.565 -7.459 -8.364 -9.256 -10.071 -10.394 -11.59 -11.982 -13.357 -13.338 -13.358 -13.426 -13.46 -10.985 -13.441 -13.396 -13.498 -13.651 -13.257 -13.136 -12.91 -12.635 -11.999 -11.507 -11.012 nan
0.75 -10.595 -4.41 -11.092 -9.137 -12.099 -13.205 -1.189 -2.768 -4.211 -5.205 -7.003 -7.971 -8.423 -9.554 -10.391 -10.773 -12.011 -12.396 -13.737 -13.74 -13.776 -13.833 -13.844 -11.365 -13.727 -13.808 -13.876 -13.964 -13.543 -13.396 -13.145 -12.81 -12.138 -11.644 -11.153 -0.098
0.85 -10.941 -4.024 -11.44 -9.435 -12.453 -13.555 -1.411 -2.243 -3.06 -5.296 -7.294 -8.017 -8.856 -9.856 -10.715 -11.064 -12.383 -12.772 -14.062 -14.045 -14.07 -14.09 -14.101 -11.721 -13.952 -14.121 -14.137 -14.177 -13.744 -13.491 -13.232 -12.893 -12.118 -11.527 -11.156 2.276
0.95 -11.145 -4.179 -11.643 -9.616 -12.658 -13.767 -1.52 -2.389 -1.323 -5.792 -7.25 -7.904 -8.858 -10.068 -10.955 -11.327 -12.555 -12.961 -14.267 -14.246 -14.272 -14.281 -14.29 -11.899 -14.109 -14.316 -14.339 -14.339 -13.942 -13.592 -13.318 -12.955 -12.006 -11.618 -11.201 -6.924
1.05 -11.263 -3.874 -11.762 -9.642 -12.786 -13.912 -1.671 -2.521 -1.473 -5.147 -7.205 -8.252 -9.037 -10.079 -10.992 -11.36 -12.695 -13.108 -14.409 -14.382 -14.406 -14.388 -14.39 -11.993 -14.224 -14.472 -14.426 -14.452 -14.061 -13.683 -13.396 -13.008 -11.984 -11.788 -11.305 -2.226
1.15 -11.322 -3.818 -11.821 -9.701 -12.845 -14.003 -1.681 -2.596 -2.095 -4.795 -7.119 -7.904 -8.997 -10.161 -11.057 -11.419 -12.709 -13.169 -14.503 -14.473 -14.493 -14.506 -14.533 -12.025 -14.299 -14.572 -14.553 -14.554 -14.151 -13.762 -13.464 -13.06 -12.137 -11.681 -11.273 -3.26
1.25 -11.36 -4.197 -11.859 -9.658 -12.89 -14.042 -1.659 -2.629 -1.546 -5.932 -6.91 -7.758 -8.854 -10.137 -11.122 -11.507 -12.742 -13.192 -14.573 -14.552 -14.58 -14.602 -14.621 -12.084 -14.354 -14.664 -14.63 -14.643 -14.263 -13.887 -13.594 -13.195 -12.12 -11.528 -11.479 1.743
1.35 -11.396 -4.096 -11.896 -9.608 -12.932 -14.071 -1.789 -2.678 -2.552 -5.595 -7.267 -8.012 -8.844 -10.065 -11.061 -11.443 -12.846 -13.256 -14.636 -14.61 -14.642 -14.661 -14.683 -12.112 -14.404 -14.746 -14.678 -14.717 -14.355 -14.007 -13.685 -13.236 -11.945 -11.62 -11.447 -4.988
1.45 -11.405 -3.346 -11.905 -9.626 -12.942 -14.089 -1.695 -2.673 -1.595 -4.507 -6.639 -7.724 -8.853 -10.106 -11.09 -11.466 -12.839 -13.263 -14.664 -14.634 -14.66 -14.703 -14.74 -12.166 -14.453 -14.783 -14.723 -14.783 -14.413 -14.092 -13.796 -13.394 -12.28 -11.848 -11.612 -6.564
1.55 -11.419 -3.464 -11.919 -9.476 -12.966 -14.147 -1.674 -2.713 -1.68 -4.553 -6.656 -7.44 -8.582 -9.965 -11.038 -11.433 -12.827 -13.298 -14.695 -14.678 -14.718 -14.761 -14.799 -12.131 -14.494 -14.832 -14.777 -14.831 -14.475 -14.138 -13.838 -13.426 -12.282 -11.971 -11.664 -6.32
1.65 -11.406 -3.002 -11.907 -9.398 -12.957 -14.139 -1.651 -2.702 -1.61 -4.304 -6.161 -7.202 -8.502 -9.897 -10.958 -11.346 -12.85 -13.308 -14.713 -14.696 -14.733 -14.804 -14.86 -12.113 -14.532 -14.857 -14.817 -14.889 -14.534 -14.251 -13.953 -13.548 -12.325 -12.116 -11.675 -7.074
1.75 -11.382 -3.468 -11.882 -9.485 -12.926 -14.111 -3.067 -3.503 -1.764 -4.033 -6.409 -7.035 -8.453 -9.98 -10.984 -11.376 -12.814 -13.269 -14.698 -14.688 -14.73 -14.821 -14.883 -12.055 -14.538 -14.866 -14.829 -14.913 -14.554 -14.291 -13.985 -13.563 -12.432 -12.175 -11.759 -5.549
1.85 -11.398 -3.454 -11.899 -9.335 -12.952 -14.15 -1.625 -2.708 -1.669 -4.884 -6.247 -6.926 -8.344 -9.834 -10.937 -11.333 -12.832 -13.305 -14.739 -14.743 -14.797 -14.867 -14.906 -12.063 -14.567 -14.909 -14.861 -14.954 -14.601 -14.331 -14.031 -13.622 -12.49 -12.165 -11.744 -7.273
1.95 -11.342 -3.089 -11.843 -9.268 -12.897 -14.084 -1.613 -2.64 -1.545 -3.655 -6.642 -7.094 -8.197 -9.762 -10.908 -11.311 -12.781 -13.245 -14.698 -14.699 -14.752 -14.854 -14.927 -12.041 -14.547 -14.873 -14.867 -14.956 -14.596 -14.371 -14.086 -13.7 -12.598 -12.052 -11.698 -6.067
2.05 -11.359 -2.975 -11.86 -9.183 -12.918 -14.141 -1.595 -2.68 -1.58 -3.83 -6.181 -6.925 -8.191 -9.689 -10.833 -11.234 -12.781 -13.28 -14.722 -14.725 -14.779 -14.885 -14.946 -12.004 -14.594 -14.896 -14.886 -14.989 -14.625 -14.42 -14.122 -13.715 -12.537 -12.276 -11.798 -6.817
2.15 -11.304 -2.931 -11.805 -9.172 -12.861 -14.08 -1.552 -2.623 -1.523 -3.466 -6.122 -6.806 -8.125 -9.667 -10.796 -11.19 -12.733 -13.23 -14.676 -14.689 -14.752 -14.868 -14.932 -11.945 -14.567 -14.867 -14.862 -14.99 -14.658 -14.444 -14.139 -13.719 -12.57 -12.217 -11.753 -8.309
2.25 -11.289 -2.879 -11.79 -9.045 -12.853 -14.078 -1.505 -2.621 -1.514 -3.975 -5.292 -6.208 -8.04 -9.563 -10.721 -11.128 -12.725 -13.227 -14.675 -14.692 -14.763 -14.881 -14.958 -11.911 -14.588 -14.862 -14.89 -15.009 -14.682 -14.492 -14.203 -13.816 -12.588 -12.126 -11.773 -6.714
2.35 -11.238 -3.044 -11.739 -8.974 -12.803 -14.071 -1.456 -2.585 -1.473 -4.302 -5.475 -6.15 -7.862 -9.49 -10.664 -11.074 -12.61 -13.168 -14.659 -14.677 -14.74 -14.879 -14.956 -11.816 -14.581 -14.849 -14.882 -15.01 -14.667 -14.5 -14.205 -13.806 -12.628 -12.166 -11.894 -5.906
2.45 -11.211 -2.789 -11.713 -8.831 -12.781 -14.027 -1.396 -2.559 -1.45 -3.46 -4.823 -6.14 -7.743 -9.363 -10.575 -10.975 -12.644 -13.167 -14.605 -14.625 -14.701 -14.841 -14.936 -11.799 -14.573 -14.787 -14.857 -14.987 -14.654 -14.481 -14.201 -13.829 -12.699 -12.313 -11.711 -6.912
2.55 -11.183 -2.455 -11.685 -8.82 -12.753 -14.029 -1.431 -2.533 -1.42 -1.531 -5.744 -6.342 -7.814 -9.332 -10.59 -10.992 -12.558 -13.123 -14.619 -14.645 -14.73 -14.854 -14.938 -11.746 -14.578 -14.809 -14.867 -15.007 -14.678 -14.519 -14.223 -13.824 -12.706 -12.286 -11.743 -7.064
2.65 -11.115 -2.217 -11.617 -8.651 -12.689 -13.952 -1.336 -2.469 -1.36 -2.036 -4.989 -6.126 -7.533 -9.183 -10.432 -10.837 -12.543 -13.077 -14.555 -14.577 -14.658 -14.813 -14.913 -11.681 -14.547 -14.747 -14.828 -14.981 -14.654 -14.52 -14.231 -13.845 -12.701 -12.332 -11.793 -7.943
2.75 -11.092 -1.932 -11.594 -8.467 -12.67 -13.965 -1.293 -2.464 -1.347 0.965 -4.201 -5.4 -7.065 -9.01 -10.358 -10.778 -12.485 -13.065 -14.543 -14.585 -14.678 -14.815 -14.899 -11.627 -14.561 -14.731 -14.83 -14.991 -14.67 -14.503 -14.242 -13.91 -12.823 -12.32 -11.764 -6.371
2.85 -11.019 -1.852 -11.52 -8.542 -12.592 -13.914 -1.243 -2.39 -1.271 0.992 -3.905 -6.108 -7.394 -9.073 -10.307 -10.716 -12.372 -12.971 -14.546 -14.584 -14.68 -14.815 -14.912 -11.516 -14.554 -14.743 -14.842 -15.006 -14.663 -14.554 -14.29 -13.95 -12.858 -12.329 -11.848 -7.78
2.95 -10.998 -1.784 -11.5 -8.298 -12.579 -13.89 -1.207 -2.377 -1.257 1.121 -3.692 -5.103 -6.323 -8.855 -10.229 -10.663 -12.379 -12.978 -14.485 -14.524 -14.624 -14.776 -14.885 -11.519 -14.538 -14.682 -14.805 -14.971 -14.646 -14.526 -14.262 -13.924 -12.893 -12.3 -11.881 -8.427
3.05 -10.951 -1.929 -11.453 -8.322 -12.53 -13.845 -1.205 -2.33 -1.212 1.107 -4.97 -6.044 -7.143 -8.844 -10.207 -10.627 -12.312 -12.916 -14.461 -14.509 -14.622 -14.754 -14.858 -11.457 -14.54 -14.662 -14.785 -14.976 -14.64 -14.533 -14.283 -13.968 -12.971 -12.474 -11.908 -8.05
3.15 -10.907 -1.963 -11.408 -8.186 -12.488 -13.82 -1.146 -2.287 -1.166 1.071 -4.865 -5.491 -6.583 -8.733 -10.128 -10.558 -12.261 -12.869 -14.469 -14.526 -14.636 -14.789 -14.891 -11.396 -14.534 -14.685 -14.814 -14.997 -14.66 -14.557 -14.299 -13.97 -13.03 -12.519 -11.981 -6.125
3.25 -10.834 -1.719 -11.336 -8.09 -12.417 -13.76 -1.055 -2.223 -1.105 1.222 -3.896 -4.744 -6.807 -8.644 -10.028 -10.438 -12.178 -12.805 -14.399 -14.459 -14.581 -14.73 -14.842 -11.315 -14.528 -14.611 -14.768 -14.97 -14.624 -14.548 -14.317 -14.038 -13.043 -12.54 -11.975 -7.569
3.35 -10.811 -1.656 -11.313 -8.021 -12.395 -13.728 -1.052 -2.206 -1.086 1.381 -4.287 -5.141 -6.728 -8.563 -9.93 -10.35 -12.199 -12.797 -14.388 -14.447 -14.582 -14.703 -14.807 -11.242 -14.522 -14.589 -14.743 -14.961 -14.614 -14.538 -14.312 -14.037 -13.157 -12.521 -11.928 -8.31
3.45 -10.756 -1.627 -11.258 -7.95 -12.34 -13.711 -1.017 -2.156 -1.036 1.316 -4.325 -5.504 -6.456 -8.481 -9.835 -10.253 -12.091 -12.736 -14.378 -14.451 -14.58 -14.736 -14.843 -11.174 -14.521 -14.598 -14.77 -14.977 -14.632 -14.541 -14.324 -14.065 -13.155 -12.625 -12.013 -7.505
3.55 -10.694 -1.678 -11.196 -7.691 -12.284 -13.665 -0.901 -2.1 -0.975 1.368 -3.239 -3.857 -5.962 -8.274 -9.787 -10.214 -12.009 -12.671 -14.344 -14.411 -14.538 -14.697 -14.811 -11.147 -14.52 -14.562 -14.736 -14.971 -14.619 -14.566 -14.35 -14.091 -13.182 -12.634 -12.097 -7.99
3.65 -10.656 -1.473 -11.158 -7.764 -12.241 -13.621 -0.886 -2.066 -0.94 1.452 -3.58 -3.946 -6.129 -8.316 -9.696 -10.111 -11.998 -12.644 -14.317 -14.397 -14.544 -14.686 -14.794 -11.077 -14.524 -14.544 -14.721 -14.963 -14.592 -14.577 -14.367 -14.12 -13.252 -12.676 -12.123 -6.709
3.75 -10.656 -1.613 -11.159 -7.655 -12.245 -13.624 -0.879 -2.068 -0.944 1.279 -3.253 -4.89 -6.276 -8.212 -9.698 -10.108 -12.003 -12.649 -14.297 -14.395 -14.547 -14.702 -14.812 -11.055 -14.53 -14.535 -14.74 -14.979 -14.612 -14.568 -14.379 -14.161 -13.298 -12.705 -12.145 -6.155
3.85 -10.579 -1.359 -11.081 -7.37 -12.173 -13.593 -0.8 -2.008 -0.882 1.434 0.493 -3.94 -5.757 -7.943 -9.53 -9.949 -11.872 -12.568 -14.303 -14.392 -14.541 -14.694 -14.807 -10.931 -14.526 -14.545 -14.732 -14.984 -14.619 -14.57 -14.375 -14.145 -13.378 -12.76 -12.194 -8.292
3.95 -10.52 -1.291 -11.022 -7.573 -12.108 -13.499 -0.733 -1.923 -0.801 1.556 3.537 -4.304 -6.367 -8.143 -9.612 -10.026 -11.813 -12.496 -14.241 -14.345 -14.511 -14.663 -14.785 -10.96 -14.521 -14.494 -14.711 -14.973 -14.585 -14.623 -14.426 -14.198 -13.383 -12.76 -12.144 -7.805
4.05 -10.51 -1.342 -11.012 -7.297 -12.104 -13.517 -0.755 -1.935 -0.813 1.641 -4.002 -4.905 -5.573 -7.869 -9.474 -9.907 -11.801 -12.503 -14.226 -14.326 -14.493 -14.636 -14.755 -10.901 -14.525 -14.456 -14.688 -14.961 -14.58 -14.6 -14.41 -14.188 -13.421 -12.799 -12.191 -8.075
4.15 -10.458 -1.234 -10.96 -7.258 -12.051 -13.465 -0.687 -1.884 -0.761 1.601 3.784 2.211 -5.572 -7.842 -9.39 -9.805 -11.772 -12.45 -14.228 -14.34 -14.518 -14.653 -14.765 -10.771 -14.524 -14.487 -14.701 -14.979 -14.595 -14.611 -14.419 -14.198 -13.431 -12.923 -12.226 -7.765
4.25 -10.449 -1.243 -10.951 -7.281 -12.042 -13.487 -0.687 -1.879 -0.759 1.596 -3.322 -3.8 -5.992 -7.839 -9.357 -9.77 -11.705 -12.438 -14.222 -14.334 -14.506 -14.667 -14.797 -10.825 -14.54 -14.474 -14.719 -14.994 -14.631 -14.625 -14.442 -14.231 -13.462 -12.855 -12.279 -7.31
4.35 -10.368 -1.355 -10.87 -7.127 -11.963 -13.39 -0.596 -1.793 -0.671 1.7 -3.038 2.161 -5.155 -7.716 -9.364 -9.796 -11.626 -12.35 -14.161 -14.29 -14.474 -14.632 -14.754 -10.775 -14.521 -14.425 -14.685 -14.975 -14.595 -14.629 -14.445 -14.232 -13.501 -12.936 -12.213 -8.322
4.45 -10.335 -1.12 -10.837 -6.983 -11.931 -13.349 -0.561 -1.767 -0.639 1.627 1.24 -3.856 -5.354 -7.562 -9.18 -9.591 -11.673 -12.345 -14.13 -14.264 -14.461 -14.612 -14.743 -10.711 -14.53 -14.395 -14.675 -14.974 -14.591 -14.615 -14.45 -14.262 -13.555 -12.999 -12.325 -7.947
4.55 -10.364 -1.161 -10.866 -7.141 -11.957 -13.391 -0.604 -1.794 -0.667 1.72 -3.301 -4.384 -5.269 -7.711 -9.318 -9.746 -11.631 -12.353 -14.148 -14.283 -14.477 -14.616 -14.738 -10.695 -14.556 -14.408 -14.678 -14.987 -14.598 -14.657 -14.48 -14.274 -13.594 -12.948 -12.291 -8.656
4.65 -10.293 -1.086 -10.795 -6.925 -11.89 -13.356 -0.529 -1.745 -0.624 1.854 4.016 1.228 -5.604 -7.507 -9.059 -9.467 -11.543 -12.294 -14.144 -14.28 -14.477 -14.622 -14.744 -10.534 -14.548 -14.409 -14.683 -14.993 -14.611 -14.672 -14.495 -14.29 -13.577 -12.931 -12.27 -8.022
4.75 -10.24 -1.036 -10.742 -6.721 -11.839 -13.318 -0.492 -1.686 -0.566 1.864 0.498 -3.98 -5.365 -7.31 -8.978 -9.388 -11.468 -12.244 -14.113 -14.264 -14.463 -14.611 -14.723 -10.53 -14.551 -14.385 -14.661 -14.993 -14.617 -14.679 -14.504 -14.301 -13.608 -13.032 -12.299 -8.509
4.85 -10.191 -0.976 -10.694 -6.864 -11.787 -13.25 -0.437 -1.629 -0.506 1.867 3.906 2.553 -5.484 -7.433 -9.007 -9.416 -11.437 -12.192 -14.061 -14.229 -14.437 -14.61 -14.728 -10.533 -14.536 -14.351 -14.662 -14.983 -14.593 -14.664 -14.493 -14.3 -13.634 -13.004 -12.39 -8.345
4.95 -10.182 -0.965 -10.684 -6.697 -11.78 -13.241 -0.421 -1.626 -0.501 1.955 4.126 2.606 -4.383 -7.296 -8.982 -9.413 -11.425 -12.189 -14.031 -14.203 -14.42 -14.59 -14.718 -10.514 -14.532 -14.31 -14.653 -14.976 -14.592 -14.686 -14.498 -14.276 -13.612 -13.004 -12.368 -8.548
5.05 -10.167 -0.96 -10.67 -6.678 -11.766 -13.241 -0.419 -1.62 -0.495 1.937 3.617 -2.367 -5.543 -7.258 -8.966 -9.37 -11.383 -12.174 -14.031 -14.208 -14.432 -14.591 -14.723 -10.452 -14.536 -14.325 -14.66 -14.983 -14.577 -14.704 -14.512 -14.287 -13.629 -13.024 -12.321 -8.07
5.15 -10.125 -1.325 -10.627 -6.657 -11.723 -13.224 -0.419 -1.586 -0.466 -2.655 -3.555 -3.528 -5.034 -7.219 -8.82 -9.222 -11.324 -12.129 -14.034 -14.21 -14.43 -14.591 -14.72 -10.382 -14.532 -14.317 -14.667 -14.983 -14.59 -14.719 -14.525 -14.296 -13.614 -12.997 -12.269 -9.157
5.25 -10.048 -0.858 -10.55 -6.46 -11.647 -13.14 -0.309 -1.506 -0.379 1.945 -3.094 -3.627 -4.67 -7.023 -8.676 -9.081 -11.289 -12.067 -13.975 -14.162 -14.393 -14.562 -14.71 -10.315 -14.525 -14.269 -14.649 -14.979 -14.608 -14.719 -14.528 -14.301 -13.672 -13.032 -12.244 -8.621
5.35 -10.006 -0.788 -10.508 -6.602 -11.603 -13.073 -0.234 -1.446 -0.32 2.066 4.237 2.794 -4.651 -7.196 -8.857 -9.27 -11.239 -11.997 -13.95 -14.152 -14.393 -14.551 -14.693 -10.337 -14.51 -14.259 -14.633 -14.973 -14.583 -14.712 -14.524 -14.303 -13.658 -13.039 -12.265 -9.121
5.45 -9.962 -0.75 -10.464 -6.549 -11.56 -13.054 -0.199 -1.409 -0.288 2.168 4.404 2.305 -5.104 -7.146 -8.773 -9.181 -11.144 -11.951 -13.925 -14.131 -14.377 -14.536 -14.683 -10.267 -14.5 -14.23 -14.622 -14.961 -14.565 -14.719 -14.528 -14.305 -13.58 -13.055 -12.229 -8.699
5.55 -9.967 -0.755 -10.469 -6.536 -11.565 -13.027 -0.207 -1.406 -0.285 2.063 4.212 2.814 -5.374 -7.11 -8.729 -9.109 -11.234 -11.959 -13.939 -14.141 -14.389 -14.539 -14.685 -10.296 -14.487 -14.251 -14.626 -14.962 -14.569 -14.725 -14.517 -14.269 -13.591 -12.967 -12.277 -7.815
5.65 -9.956 -0.766 -10.459 -6.392 -11.557 -13.057 -0.214 -1.42 -0.293 2.119 2.986 -4.39 -5.062 -6.977 -8.648 -9.047 -11.158 -11.971 -13.9 -14.126 -14.379 -14.54 -14.666 -10.213 -14.487 -14.222 -14.623 -14.954 -14.56 -14.736 -14.522 -14.266 -13.569 -13.0 -12.275 -8.021
5.75 -9.904 -0.702 -10.406 -6.684 -11.498 -12.997 -0.151 -1.356 -0.234 2.22 4.39 2.781 -5.389 -7.245 -8.68 -9.071 -11.089 -11.909 -13.867 -14.089 -14.342 -14.517 -14.676 -10.202 -14.475 -14.189 -14.618 -14.95 -14.576 -14.741 -14.524 -14.264 -13.563 -12.992 -12.14 -9.307
5.85 -9.807 -0.617 -10.31 -6.152 -11.409 -12.954 -0.081 -1.288 -0.149 2.465 4.617 2.946 -4.918 -6.74 -8.317 -8.714 -10.928 -11.83 -13.833 -14.077 -14.341 -14.504 -14.637 -9.959 -14.443 -14.172 -14.586 -14.932 -14.549 -14.732 -14.512 -14.243 -13.501 -12.968 -12.205 -8.019
5.95 -9.776 -0.578 -10.278 -6.493 -11.373 -12.874 -0.018 -1.22 -0.097 2.36 -0.789 -3.622 -5.092 -7.063 -8.613 -9.026 -10.939 -11.758 -13.821 -14.07 -14.343 -14.498 -14.634 -10.107 -14.411 -14.155 -14.59 -14.914 -14.526 -14.711 -14.485 -14.209 -13.453 -12.841 -12.22 -8.463
6.05 -9.759 -0.551 -10.261 -6.225 -11.358 -12.851 0.011 -1.218 -0.089 2.283 4.64 3.004 -4.394 -6.821 -8.482 -8.907 -10.97 -11.767 -13.787 -14.056 -14.341 -14.489 -14.623 -10.029 -14.402 -14.139 -14.58 -14.911 -14.53 -14.733 -14.5 -14.211 -13.451 -12.845 -12.037 -8.475
6.15 -9.765 -0.558 -10.267 -6.272 -11.362 -12.868 -0.005 -1.221 -0.098 2.272 4.506 3.03 -4.903 -6.841 -8.452 -8.845 -10.965 -11.762 -13.788 -14.038 -14.309 -14.455 -14.597 -10.036 -14.389 -14.124 -14.553 -14.891 -14.507 -14.727 -14.484 -14.179 -13.373 -12.848 -12.061 -8.861
6.25 -9.722 -0.523 -10.224 -5.947 -11.322 -12.846 0.045 -1.192 -0.06 2.344 4.726 3.098 -4.128 -6.528 -8.188 -8.563 -10.949 -11.749 -13.757 -14.029 -14.308 -14.463 -14.595 -9.957 -14.376 -14.112 -14.553 -14.883 -14.514 -14.719 -14.475 -14.172 -13.364 -12.785 -12.063 -8.168
6.35 -9.665 -0.567 -10.167 -6.301 -11.262 -12.779 0.051 -1.12 0.005 2.25 -3.034 -4.253 -5.349 -6.836 -8.296 -8.657 -10.851 -11.678 -13.719 -13.994 -14.278 -14.425 -14.571 -9.957 -14.358 -14.09 -14.526 -14.872 -14.509 -14.736 -14.484 -14.169 -13.25 -12.823 -12.0 -9.001
6.45 -9.612 -0.416 -10.114 -6.122 -11.212 -12.725 0.15 -1.071 0.059 2.501 4.747 -3.224 -5.133 -6.698 -8.276 -8.66 -10.809 -11.609 -13.675 -13.965 -14.255 -14.404 -14.55 -9.88 -14.342 -14.044 -14.503 -14.851 -14.476 -14.713 -14.474 -14.18 -13.26 -12.722 -12.028 -7.809
6.55 -9.597 -0.386 -10.099 -5.993 -11.196 -12.693 0.173 -1.044 0.087 2.314 4.621 3.129 -4.474 -6.593 -8.369 -8.771 -10.808 -11.595 -13.665 -13.955 -14.252 -14.396 -14.528 -9.933 -14.301 -14.034 -14.488 -14.83 -14.457 -14.694 -14.431 -14.093 -13.229 -12.752 -11.884 -9.262
6.65 -9.558 -0.345 -10.06 -6.012 -11.157 -12.641 0.225 -1.0 0.134 2.286 4.891 0.68 -3.94 -6.604 -8.254 -8.634 -10.82 -11.563 -13.635 -13.937 -14.239 -14.38 -14.504 -9.91 -14.286 -14.016 -14.469 -14.818 -14.45 -14.699 -14.439 -14.108 -13.18 -12.71 -11.887 -9.285
6.75 -9.524 -0.313 -10.026 -5.923 -11.124 -12.616 0.252 -0.972 0.157 2.39 4.755 3.228 -4.396 -6.51 -8.242 -8.643 -10.749 -11.527 -13.593 -13.92 -14.226 -14.368 -14.494 -9.897 -14.245 -13.985 -14.462 -14.799 -14.44 -14.678 -14.402 -14.044 -13.163 -12.597 -11.786 -9.094
6.85 -9.491 -0.296 -9.993 -6.106 -11.088 -12.63 0.261 -0.961 0.167 2.581 4.859 3.256 -4.676 -6.661 -8.01 -8.408 -10.65 -11.501 -13.592 -13.913 -14.22 -14.359 -14.49 -9.753 -14.224 -13.989 -14.455 -14.783 -14.428 -14.653 -14.376 -14.016 -13.092 -12.592 -11.837 -9.326
6.95 -9.441 -0.243 -9.943 -5.954 -11.039 -12.569 0.287 -0.906 0.23 2.604 4.87 2.674 -4.612 -6.529 -8.041 -8.426 -10.587 -11.456 -13.527 -13.859 -14.169 -14.321 -14.462 -9.706 -14.201 -13.93 -14.429 -14.758 -14.417 -14.642 -14.359 -13.989 -13.072 -12.566 -11.773 -8.982
7.05 -9.39 -0.32 -9.892 -5.608 -10.992 -12.512 0.342 -0.855 0.283 2.708 -2.903 -3.21 -3.996 -6.176 -7.876 -8.285 -10.584 -11.402 -13.498 -13.846 -14.162 -14.303 -14.438 -9.676 -14.17 -13.908 -14.403 -14.732 -14.372 -14.633 -14.351 -13.99 -12.911 -12.519 -11.665 -9.32
7.15 -9.345 -0.142 -9.847 -6.006 -10.942 -12.453 0.424 -0.797 0.341 2.608 4.886 -3.302 -4.76 -6.575 -8.01 -8.404 -10.547 -11.344 -13.469 -13.814 -14.129 -14.261 -14.378 -9.664 -14.145 -13.877 -14.355 -14.708 -14.365 -14.611 -14.327 -13.955 -12.889 -12.462 -11.82 -9.115
7.25 -9.357 -0.166 -9.859 -5.99 -10.954 -12.463 0.402 -0.806 0.331 2.484 -2.85 -3.382 -4.843 -6.547 -8.158 -8.504 -10.529 -11.34 -13.434 -13.777 -14.093 -14.227 -14.369 -9.705 -14.133 -13.838 -14.335 -14.693 -14.348 -14.609 -14.315 -13.924 -12.863 -12.522 -11.747 -9.589
7.35 -9.32 -0.114 -9.822 -6.062 -10.915 -12.431 0.451 -0.773 0.363 2.519 4.792 0.776 -4.671 -6.612 -8.041 -8.401 -10.504 -11.314 -13.378 -13.756 -14.077 -14.215 -14.328 -9.634 -14.1 -13.798 -14.313 -14.662 -14.337 -14.596 -14.292 -13.883 -12.843 -12.313 -11.697 -9.111
7.45 -9.266 -0.092 -9.768 -5.708 -10.866 -12.346 0.46 -0.698 0.434 2.483 -2.876 -3.276 -4.675 -6.277 -8.116 -8.48 -10.483 -11.249 -13.344 -13.731 -14.054 -14.202 -14.329 -9.734 -14.034 -13.782 -14.297 -14.639 -14.336 -14.551 -14.244 -13.833 -12.676 -12.361 -11.658 -9.73
7.55 -9.186 0.025 -9.688 -5.564 -10.785 -12.296 0.58 -0.636 0.485 2.734 5.146 3.618 -4.364 -6.12 -7.699 -8.06 -10.42 -11.186 -13.33 -13.73 -14.07 -14.184 -14.275 -9.541 -14.03 -13.782 -14.263 -14.628 -14.322 -14.565 -14.245 -13.806 -12.67 -12.257 -11.683 -9.109
7.65 -9.171 -0.015 -9.673 -5.702 -10.772 -12.246 0.564 -0.609 0.522 2.769 -2.828 -4.03 -4.582 -6.275 -7.888 -8.283 -10.422 -11.172 -13.279 -13.687 -14.033 -14.153 -14.259 -9.588 -13.97 -13.725 -14.249 -14.589 -14.286 -14.525 -14.204 -13.765 -12.579 -12.23 -11.472 -8.649
7.75 -9.174 -0.025 -9.676 -5.73 -10.772 -12.285 0.525 -0.626 0.511 2.857 -2.864 -3.246 -4.164 -6.276 -7.771 -8.183 -10.358 -11.176 -13.257 -13.658 -13.994 -14.118 -14.219 -9.531 -13.963 -13.689 -14.207 -14.566 -14.268 -14.509 -14.179 -13.719 -12.546 -12.244 -11.466 -9.151
7.85 -9.106 0.086 -9.608 -5.77 -10.702 -12.195 0.649 -0.554 0.587 2.764 -0.46 -3.294 -4.717 -6.289 -7.775 -8.141 -10.35 -11.114 -13.192 -13.599 -13.938 -14.072 -14.18 -9.498 -13.942 -13.644 -14.163 -14.545 -14.25 -14.512 -14.169 -13.682 -12.504 -12.318 -11.557 -9.847
7.95 -9.116 0.106 -9.618 -5.96 -10.708 -12.172 0.69 -0.534 0.605 2.671 4.903 3.56 -4.803 -6.518 -8.032 -8.406 -10.359 -11.095 -13.152 -13.561 -13.899 -14.034 -14.142 -9.635 -13.913 -13.595 -14.128 -14.517 -14.242 -14.483 -14.152 -13.696 -12.369 -12.132 -11.444 -9.667
8.05 -9.058 0.156 -9.56 -5.846 -10.653 -12.135 0.745 -0.492 0.629 2.961 5.435 3.697 -4.851 -6.41 -7.713 -8.09 -10.326 -11.043 -13.159 -13.541 -13.873 -13.99 -14.121 -9.449 -13.855 -13.594 -14.099 -14.483 -14.229 -14.441 -14.092 -13.598 -12.302 -12.146 -11.258 -9.413
8.15 -9.018 0.216 -9.52 -5.767 -10.613 -12.083 0.803 -0.434 0.693 2.903 5.186 3.858 -4.361 -6.346 -7.874 -8.288 -10.249 -10.982 -13.108 -13.514 -13.852 -13.983 -14.1 -9.549 -13.832 -13.541 -14.089 -14.457 -14.187 -14.428 -14.065 -13.54 -12.302 -12.142 -11.523 -8.834
8.25 -9.004 0.219 -9.506 -5.268 -10.605 -12.073 0.815 -0.438 0.701 2.83 5.336 3.823 -3.566 -5.877 -7.611 -7.973 -10.317 -11.017 -13.06 -13.474 -13.814 -13.938 -14.046 -9.487 -13.799 -13.51 -14.029 -14.427 -14.18 -14.4 -14.037 -13.504 -12.267 -12.077 -11.375 -9.647
8.35 -8.959 0.247 -9.462 -5.543 -10.557 -12.032 0.82 -0.394 0.744 2.844 5.235 -3.319 -4.524 -6.106 -7.542 -7.921 -10.255 -10.965 -13.001 -13.45 -13.801 -13.921 -13.995 -9.441 -13.753 -13.473 -13.985 -14.39 -14.161 -14.367 -14.005 -13.479 -12.108 -11.962 -11.327 -9.681
8.45 -8.89 0.343 -9.392 -5.69 -10.484 -11.927 0.93 -0.304 0.822 2.93 5.259 3.82 -4.446 -6.258 -7.83 -8.231 -10.158 -10.854 -12.972 -13.416 -13.769 -13.871 -13.951 -9.431 -13.703 -13.439 -13.947 -14.357 -14.136 -14.325 -13.95 -13.39 -12.128 -12.007 -11.238 -9.672
8.55 -8.891 0.348 -9.393 -5.42 -10.49 -11.905 0.93 -0.298 0.837 2.806 5.394 3.887 -4.304 -6.013 -7.648 -8.023 -10.26 -10.894 -12.916 -13.374 -13.732 -13.845 -13.923 -9.468 -13.696 -13.394 -13.921 -14.337 -14.124 -14.324 -13.941 -13.365 -12.037 -12.007 -11.317 -9.906
8.65 -8.836 0.39 -9.338 -5.895 -10.425 -11.881 0.993 -0.242 0.886 3.057 5.256 -2.113 -5.105 -6.435 -7.707 -8.055 -10.124 -10.81 -12.887 -13.345 -13.704 -13.79 -13.842 -9.42 -13.655 -13.349 -13.859 -14.306 -14.115 -14.293 -13.912 -13.343 -12.02 -11.985 -11.121 -9.706
8.75 -8.798 0.375 -9.3 -5.872 -10.385 -11.868 0.963 -0.222 0.913 3.059 -2.324 -2.764 -5.233 -6.363 -7.54 -7.866 -10.063 -10.788 -12.823 -13.286 -13.636 -13.748 -13.827 -9.306 -13.61 -13.279 -13.84 -14.272 -14.079 -14.266 -13.869 -13.261 -11.858 -11.829 -11.288 -10.079
8.85 -8.811 0.411 -9.313 -5.664 -10.401 -11.845 0.985 -0.238 0.9 3.206 5.508 3.581 -4.323 -6.207 -7.601 -8.015 -10.113 -10.798 -12.804 -13.244 -13.592 -13.693 -13.778 -9.254 -13.581 -13.264 -13.778 -14.235 -14.055 -14.23 -13.837 -13.239 -11.864 -11.899 -11.034 -9.926
8.95 -8.76 0.472 -9.262 -5.761 -10.349 -11.799 1.042 -0.167 0.951 3.041 5.256 -1.971 -4.49 -6.31 -7.697 -8.093 -10.01 -10.722 -12.74 -13.197 -13.542 -13.651 -13.72 -9.347 -13.529 -13.194 -13.726 -14.191 -14.036 -14.2 -13.787 -13.131 -11.861 -11.769 -11.063 -10.121
9.05 -8.706 0.533 -9.208 -5.659 -10.295 -11.693 1.132 -0.099 1.015 3.142 5.494 3.998 -4.895 -6.2 -7.623 -7.98 -10.094 -10.676 -12.691 -13.139 -13.491 -13.586 -13.657 -9.327 -13.51 -13.143 -13.662 -14.157 -14.015 -14.166 -13.769 -13.151 -11.773 -11.825 -11.164 -9.959
9.15 -8.715 0.303 -9.217 -5.895 -10.298 -11.67 1.105 -0.082 1.032 3.079 -2.566 -2.84 -4.789 -6.413 -7.681 -8.058 -10.127 -10.688 -12.66 -13.109 -13.461 -13.562 -13.628 -9.418 -13.475 -13.136 -13.625 -14.128 -13.966 -14.145 -13.736 -13.097 -11.694 -11.834 -11.166 -9.942
9.25 -8.638 0.593 -9.141 -5.422 -10.232 -11.667 1.192 -0.05 1.085 3.272 5.548 4.188 -4.182 -5.978 -7.349 -7.717 -10.006 -10.641 -12.58 -13.056 -13.412 -13.508 -13.557 -9.223 -13.446 -13.062 -13.568 -14.09 -13.95 -14.131 -13.7 -13.003 -11.612 -11.841 -11.001 -9.916
9.35 -8.652 0.601 -9.154 -5.774 -10.238 -11.6 1.203 -0.026 1.088 3.091 5.454 4.245 -4.679 -6.33 -7.674 -8.058 -10.071 -10.622 -12.562 -13.018 -13.37 -13.46 -13.507 -9.291 -13.406 -13.038 -13.515 -14.058 -13.93 -14.085 -13.675 -13.036 -11.572 -11.685 -10.901 -10.286
9.45 -8.636 0.632 -9.138 -5.737 -10.22 -11.567 1.249 -0.001 1.113 3.078 5.491 4.237 -4.029 -6.286 -7.583 -7.981 -10.098 -10.608 -12.526 -12.985 -13.336 -13.415 -13.464 -9.332 -13.371 -12.977 -13.482 -14.027 -13.924 -14.046 -13.621 -12.939 -11.579 -11.725 -10.997 -10.342
9.55 -8.623 0.632 -9.125 -5.745 -10.209 -11.55 1.222 0.009 1.134 3.166 5.415 4.189 -4.831 -6.3 -7.675 -8.056 -10.037 -10.591 -12.472 -12.92 -13.274 -13.346 -13.4 -9.306 -13.344 -12.905 -13.416 -13.989 -13.878 -14.05 -13.601 -12.846 -11.462 -11.625 -11.026 -10.327
9.65 -8.611 0.646 -9.113 -5.68 -10.197 -11.55 1.253 0.019 1.137 3.16 5.657 2.492 -3.981 -6.229 -7.506 -7.897 -10.063 -10.604 -12.438 -12.874 -13.214 -13.297 -13.357 -9.288 -13.287 -12.863 -13.374 -13.946 -13.86 -13.967 -13.545 -12.871 -11.38 -11.579 -10.957 -10.127
9.75 -8.616 0.645 -9.118 -5.78 -10.199 -11.53 1.235 0.027 1.144 3.123 5.303 -2.842 -4.123 -6.335 -7.675 -8.085 -10.051 -10.595 -12.38 -12.817 -13.16 -13.24 -13.298 -9.392 -13.29 -12.811 -13.315 -13.922 -13.819 -13.978 -13.532 -12.78 -11.348 -11.73 -11.011 -10.334
9.85 -8.596 0.656 -9.098 -5.975 -10.171 -11.543 1.252 0.042 1.161 3.165 5.371 -2.615 -4.552 -6.508 -7.712 -8.118 -9.948 -10.552 -12.35 -12.763 -13.089 -13.147 -13.185 -9.323 -13.243 -12.76 -13.209 -13.865 -13.792 -13.938 -13.493 -12.749 -11.303 -11.597 -10.85 -10.372
9.95 -8.554 0.725 -9.056 -5.597 -10.142 -11.436 1.339 0.108 1.215 3.218 5.732 4.305 -4.012 -6.189 -7.674 -8.081 -10.019 -10.52 -12.272 -12.713 -13.051 -13.112 -13.119 -9.374 -13.187 -12.706 -13.156 -13.829 -13.794 -13.902 -13.446 -12.671 -11.112 -11.584 -10.867 -10.254
10.05 -8.536 0.735 -9.037 -5.858 -10.118 -11.406 1.342 0.126 1.235 3.252 5.652 1.304 -4.412 -6.424 -7.743 -8.154 -9.984 -10.485 -12.24 -12.639 -12.953 -13.033 -13.071 -9.314 -13.161 -12.657 -13.078 -13.794 -13.789 -13.847 -13.387 -12.602 -11.14 -11.626 -10.82 -10.437
10.15 -8.453 0.822 -8.955 -5.68 -10.035 -11.33 1.437 0.207 1.312 3.276 5.598 4.389 -4.961 -6.221 -7.552 -7.909 -9.938 -10.434 -12.187 -12.59 -12.913 -12.972 -12.998 -9.261 -13.109 -12.593 -13.02 -13.753 -13.739 -13.84 -13.361 -12.512 -11.126 -11.578 -10.719 -10.445
10.25 -8.468 0.808 -8.971 -5.425 -10.057 -11.336 1.439 0.194 1.306 3.254 5.564 -2.828 -4.326 -5.993 -7.55 -7.931 -9.969 -10.449 -12.135 -12.556 -12.885 -12.93 -12.919 -9.287 -13.104 -12.528 -12.963 -13.72 -13.7 -13.8 -13.337 -12.535 -11.118 -11.594 -10.736 -10.565
10.35 -8.431 0.818 -8.932 -5.865 -10.005 -11.257 1.448 0.243 1.356 3.221 3.865 -3.014 -4.846 -6.386 -7.573 -7.947 -9.966 -10.417 -12.068 -12.489 -12.824 -12.863 -12.869 -9.213 -13.052 -12.477 -12.891 -13.678 -13.671 -13.748 -13.285 -12.491 -11.044 -11.484 -10.78 -10.64
10.45 -8.396 0.888 -8.898 -5.694 -9.977 -11.227 1.503 0.283 1.388 3.292 5.487 4.491 -4.613 -6.246 -7.558 -7.937 -9.914 -10.382 -12.006 -12.436 -12.763 -12.809 -12.804 -9.236 -13.043 -12.421 -12.844 -13.66 -13.654 -13.753 -13.279 -12.447 -10.908 -11.597 -10.853 -10.613
10.55 -8.373 0.904 -8.876 -5.694 -9.952 -11.157 1.533 0.312 1.417 3.214 3.914 -2.855 -3.864 -6.253 -7.612 -8.015 -9.934 -10.36 -11.967 -12.381 -12.715 -12.755 -12.773 -9.226 -12.988 -12.372 -12.806 -13.616 -13.594 -13.712 -13.226 -12.351 -11.052 -11.529 -10.802 -10.734
10.65 -8.395 0.909 -8.897 -5.871 -9.972 -11.099 1.544 0.323 1.424 3.165 5.41 4.509 -5.225 -6.416 -7.705 -8.04 -10.029 -10.374 -11.861 -12.325 -12.659 -12.702 -12.687 -9.296 -12.982 -12.306 -12.726 -13.602 -13.587 -13.722 -13.244 -12.396 -10.847 -11.537 -10.783 -10.685
10.75 -8.379 0.873 -8.882 -5.67 -9.962 -11.152 1.49 0.301 1.415 3.461 -2.116 -2.591 -4.389 -6.211 -7.536 -7.949 -9.956 -10.374 -11.842 -12.26 -12.581 -12.605 -12.592 -9.226 -12.963 -12.251 -12.632 -13.549 -13.549 -13.68 -13.201 -12.356 -10.891 -11.496 -10.797 -10.424
10.85 -8.379 0.914 -8.881 -5.976 -9.948 -11.104 1.536 0.317 1.426 3.229 5.342 4.466 -4.622 -6.509 -7.708 -8.092 -9.982 -10.362 -11.799 -12.215 -12.533 -12.554 -12.503 -9.194 -12.884 -12.219 -12.552 -13.509 -13.543 -13.627 -13.121 -12.172 -10.696 -11.507 -10.665 -10.873
10.95 -8.382 0.922 -8.884 -5.798 -9.957 -11.108 1.539 0.318 1.434 3.271 5.538 4.505 -4.449 -6.356 -7.679 -8.063 -9.979 -10.372 -11.727 -12.149 -12.454 -12.467 -12.368 -9.279 -12.896 -12.128 -12.434 -13.46 -13.483 -13.611 -13.126 -12.25 -10.899 -11.441 -10.706 -10.667
11.05 -8.334 0.812 -8.836 -5.815 -9.907 -11.057 1.547 0.372 1.475 3.296 -2.098 -2.426 -4.551 -6.346 -7.627 -8.006 -9.942 -10.327 -11.663 -12.062 -12.366 -12.388 -12.363 -9.228 -12.863 -12.067 -12.37 -13.432 -13.464 -13.608 -13.101 -12.15 -10.633 -11.427 -10.632 -10.824
11.15 -8.339 0.961 -8.841 -5.709 -9.916 -11.041 1.583 0.367 1.484 3.252 5.917 4.465 -4.342 -6.272 -7.659 -8.058 -9.95 -10.325 -11.655 -12.029 -12.311 -12.329 -12.278 -9.217 -12.829 -12.034 -12.325 -13.39 -13.428 -13.558 -13.032 -12.007 -10.73 -11.486 -10.451 -10.788
11.25 -8.313 0.979 -8.816 -5.475 -9.897 -10.99 1.613 0.4 1.5 3.308 5.257 -2.702 -4.707 -6.032 -7.485 -7.845 -10.007 -10.337 -11.577 -11.99 -12.292 -12.309 -12.216 -9.276 -12.8 -11.959 -12.277 -13.361 -13.405 -13.526 -13.008 -12.011 -10.596 -11.426 -10.604 -10.843
11.35 -8.288 1.02 -8.79 -5.671 -9.865 -10.957 1.624 0.421 1.527 3.155 5.526 4.625 -4.397 -6.227 -7.533 -7.909 -9.974 -10.307 -11.541 -11.915 -12.21 -12.2 -12.141 -9.207 -12.774 -11.94 -12.182 -13.333 -13.375 -13.513 -12.986 -11.963 -10.624 -11.335 -10.725 -10.749
11.45 -8.249 1.045 -8.751 -5.751 -9.82 -10.947 1.67 0.461 1.578 3.326 5.553 4.213 -4.528 -6.289 -7.511 -7.911 -9.884 -10.26 -11.487 -11.88 -12.177 -12.161 -12.065 -9.168 -12.757 -11.847 -12.146 -13.311 -13.344 -13.494 -12.981 -11.998 -10.635 -11.371 -10.701 -10.735
11.55 -8.266 1.044 -8.768 -5.948 -9.832 -10.884 1.687 0.465 1.57 3.238 5.367 4.569 -4.869 -6.476 -7.593 -7.945 -9.972 -10.286 -11.442 -11.817 -12.104 -12.056 -11.939 -9.209 -12.715 -11.803 -11.995 -13.271 -13.299 -13.486 -12.958 -11.925 -10.344 -11.313 -10.656 -10.805
11.65 -8.238 1.072 -8.741 -5.54 -9.816 -10.851 1.678 0.484 1.599 3.305 5.72 0.092 -4.051 -6.09 -7.505 -7.888 -9.958 -10.272 -11.355 -11.733 -12.028 -11.998 -11.863 -9.228 -12.71 -11.689 -11.961 -13.229 -13.206 -13.472 -12.932 -11.838 -10.439 -11.35 -10.539 -10.99
11.75 -8.202 1.121 -8.705 -5.188 -9.791 -10.779 1.75 0.538 1.646 3.248 5.824 3.857 -4.145 -5.775 -7.409 -7.757 -9.981 -10.245 -11.293 -11.68 -11.978 -11.932 -11.82 -9.224 -12.673 -11.669 -11.903 -13.199 -13.193 -13.422 -12.88 -11.781 -10.25 -11.37 -10.502 -11.093
11.85 -8.224 1.111 -8.726 -5.727 -9.797 -10.769 1.749 0.535 1.652 3.237 5.733 4.663 -4.57 -6.288 -7.687 -8.069 -9.941 -10.216 -11.248 -11.616 -11.899 -11.837 -11.705 -9.262 -12.638 -11.593 -11.785 -13.162 -13.158 -13.43 -12.888 -11.787 -10.257 -11.266 -10.514 -10.796
11.95 -8.197 1.119 -8.7 -5.618 -9.771 -10.759 1.729 0.547 1.648 3.314 5.689 -2.183 -4.722 -6.155 -7.45 -7.817 -9.959 -10.227 -11.181 -11.562 -11.843 -11.79 -11.65 -9.21 -12.626 -11.54 -11.743 -13.135 -13.14 -13.394 -12.842 -11.687 -10.244 -11.219 -10.681 -11.056
12.05 -8.189 1.126 -8.692 -5.908 -9.751 -10.76 1.762 0.543 1.644 3.372 5.506 4.663 -4.822 -6.44 -7.6 -7.961 -9.907 -10.202 -11.151 -11.511 -11.782 -11.755 -11.649 -9.134 -12.639 -11.499 -11.699 -13.127 -13.133 -13.402 -12.836 -11.602 -10.333 -11.303 -10.578 -11.07
12.15 -8.199 1.119 -8.701 -5.769 -9.771 -10.732 1.763 0.562 1.681 3.231 5.526 -2.053 -5.042 -6.309 -7.6 -7.953 -9.939 -10.22 -11.117 -11.464 -11.731 -11.672 -11.547 -9.248 -12.596 -11.44 -11.638 -13.087 -13.087 -13.356 -12.791 -11.577 -10.295 -11.188 -10.506 -11.093
12.25 -8.236 0.968 -8.739 -5.878 -9.802 -10.821 1.61 0.484 1.595 3.595 -1.888 -2.973 -4.967 -6.389 -7.516 -7.895 -9.954 -10.272 -11.064 -11.407 -11.647 -11.61 -11.469 -9.183 -12.574 -11.39 -11.516 -13.048 -13.05 -13.289 -12.729 -11.558 -10.318 -11.183 -10.524 -11.09
12.35 -8.198 1.062 -8.7 -5.751 -9.769 -10.745 1.686 0.53 1.645 3.37 -1.877 -3.172 -5.05 -6.264 -7.481 -7.832 -9.958 -10.251 -11.014 -11.339 -11.588 -11.515 -11.353 -9.167 -12.564 -11.311 -11.426 -13.015 -12.995 -13.297 -12.723 -11.462 -10.07 -11.224 -10.496 -11.161
12.45 -8.14 1.154 -8.642 -5.72 -9.708 -10.702 1.794 0.603 1.72 3.328 3.554 -3.145 -4.585 -6.253 -7.552 -7.923 -9.866 -10.161 -11.013 -11.331 -11.582 -11.479 -11.304 -9.129 -12.53 -11.313 -11.389 -13.0 -12.981 -13.267 -12.688 -11.412 -10.154 -11.244 -10.538 -11.088
12.55 -8.13 1.005 -8.633 -5.536 -9.707 -10.661 1.766 0.596 1.707 3.405 -1.819 -2.131 -4.545 -6.074 -7.435 -7.799 -9.91 -10.18 -10.942 -11.273 -11.521 -11.399 -11.178 -9.084 -12.516 -11.229 -11.309 -12.98 -12.925 -13.318 -12.734 -11.419 -9.989 -11.117 -10.287 -11.109
12.65 -8.163 1.129 -8.665 -5.75 -9.73 -10.65 1.766 0.598 1.704 3.31 -1.728 -2.219 -4.693 -6.275 -7.598 -7.966 -9.942 -10.188 -10.892 -11.188 -11.42 -11.304 -11.111 -9.196 -12.506 -11.172 -11.215 -12.94 -12.897 -13.24 -12.661 -11.38 -9.877 -11.25 -10.515 -11.228
12.75 -8.093 1.232 -8.595 -5.545 -9.664 -10.609 1.88 0.657 1.775 3.432 5.691 -2.265 -4.097 -6.092 -7.42 -7.814 -9.87 -10.142 -10.825 -11.132 -11.362 -11.248 -11.035 -9.139 -12.504 -11.108 -11.117 -12.931 -12.846 -13.253 -12.67 -11.366 -9.995 -11.158 -10.482 -11.289
12.85 -8.11 1.137 -8.612 -5.88 -9.67 -10.577 1.78 0.665 1.765 3.305 -1.745 -2.125 -5.041 -6.399 -7.619 -7.979 -9.87 -10.124 -10.755 -11.068 -11.305 -11.214 -11.069 -9.138 -12.473 -11.04 -11.149 -12.908 -12.819 -13.269 -12.681 -11.345 -9.974 -11.272 -10.252 -11.018
12.95 -8.109 1.189 -8.611 -5.887 -9.67 -10.623 1.827 0.623 1.739 3.533 5.699 4.69 -4.969 -6.41 -7.517 -7.882 -9.861 -10.142 -10.727 -11.022 -11.235 -11.138 -10.945 -9.05 -12.469 -11.008 -11.008 -12.873 -12.786 -13.215 -12.622 -11.266 -9.84 -11.111 -10.44 -11.246
13.05 -8.098 1.216 -8.601 -5.522 -9.674 -10.57 1.87 0.655 1.776 3.404 5.743 1.066 -4.477 -6.081 -7.515 -7.913 -9.881 -10.141 -10.701 -10.984 -11.211 -11.074 -10.917 -9.129 -12.415 -10.974 -10.961 -12.835 -12.742 -13.192 -12.594 -11.185 -9.84 -11.067 -10.347 -11.193
13.15 -8.135 1.194 -8.638 -5.616 -9.71 -10.599 1.842 0.612 1.727 3.497 5.76 4.768 -4.099 -6.178 -7.53 -7.936 -9.943 -10.181 -10.603 -10.92 -11.126 -11.06 -10.896 -9.12 -12.435 -10.899 -10.939 -12.819 -12.702 -13.178 -12.587 -11.235 -9.739 -10.988 -10.42 -11.315
13.25 -8.098 1.216 -8.6 -5.825 -9.66 -10.552 1.859 0.668 1.786 3.335 4.818 -2.288 -4.966 -6.354 -7.579 -7.935 -9.881 -10.124 -10.623 -10.905 -11.116 -11.009 -10.831 -9.098 -12.395 -10.889 -10.878 -12.783 -12.685 -13.154 -12.556 -11.168 -9.748 -10.98 -10.296 -11.194
13.35 -8.047 1.266 -8.549 -5.526 -9.62 -10.575 1.89 0.669 1.803 3.662 5.872 4.783 -4.048 -6.086 -7.395 -7.805 -9.802 -10.1 -10.602 -10.869 -11.055 -10.955 -10.767 -8.959 -12.388 -10.828 -10.836 -12.773 -12.652 -13.134 -12.54 -11.171 -9.732 -11.039 -10.266 -11.239
13.45 -8.058 1.267 -8.561 -5.552 -9.631 -10.544 1.899 0.685 1.808 3.49 5.758 4.764 -4.12 -6.115 -7.474 -7.872 -9.841 -10.109 -10.531 -10.831 -11.049 -10.94 -10.8 -9.081 -12.366 -10.841 -10.826 -12.751 -12.648 -13.104 -12.519 -11.215 -9.741 -10.995 -10.246 -11.166
13.55 -8.053 1.096 -8.555 -5.713 -9.617 -10.53 1.865 0.687 1.809 3.391 -1.598 -1.887 -4.866 -6.227 -7.429 -7.765 -9.853 -10.114 -10.494 -10.795 -11.001 -10.922 -10.797 -9.036 -12.379 -10.747 -10.838 -12.755 -12.608 -13.118 -12.509 -11.052 -9.854 -11.054 -10.335 -11.229
13.65 -8.049 1.256 -8.552 -5.51 -9.623 -10.541 1.874 0.687 1.807 3.484 5.716 -2.118 -4.496 -6.054 -7.402 -7.779 -9.831 -10.104 -10.515 -10.766 -10.957 -10.85 -10.727 -9.038 -12.354 -10.71 -10.759 -12.712 -12.558 -13.083 -12.477 -11.024 -9.565 -10.941 -10.469 -11.244
13.75 -8.038 1.244 -8.54 -5.633 -9.604 -10.506 1.866 0.704 1.818 3.599 -1.557 -1.997 -4.02 -6.172 -7.394 -7.802 -9.829 -10.093 -10.457 -10.724 -10.919 -10.811 -10.608 -9.013 -12.344 -10.714 -10.672 -12.69 -12.543 -13.08 -12.475 -11.04 -9.569 -10.989 -10.186 -11.24
13.85 -7.997 1.296 -8.499 -5.539 -9.568 -10.425 1.937 0.766 1.883 3.511 -1.557 -1.996 -4.245 -6.08 -7.428 -7.82 -9.815 -10.04 -10.438 -10.687 -10.885 -10.759 -10.602 -9.054 -12.289 -10.672 -10.652 -12.658 -12.5 -13.016 -12.416 -11.005 -9.728 -11.054 -10.069 -11.238
13.95 -7.98 1.34 -8.483 -5.765 -9.54 -10.43 1.97 0.768 1.891 3.615 5.596 4.873 -4.55 -6.292 -7.438 -7.814 -9.771 -10.019 -10.39 -10.658 -10.844 -10.76 -10.648 -8.955 -12.309 -10.614 -10.707 -12.661 -12.5 -13.016 -12.418 -11.032 -9.69 -11.038 -10.322 -11.363
14.05 -7.999 1.301 -8.502 -5.55 -9.568 -10.488 1.917 0.72 1.839 3.628 5.683 3.316 -4.438 -6.08 -7.182 -7.562 -9.819 -10.088 -10.428 -10.652 -10.835 -10.705 -10.577 -8.952 -12.319 -10.623 -10.628 -12.644 -12.432 -13.042 -12.431 -10.95 -9.716 -11.001 -10.278 -11.357
14.15 -8.021 1.299 -8.524 -5.685 -9.585 -10.451 1.945 0.731 1.849 3.554 5.525 4.821 -4.637 -6.209 -7.437 -7.808 -9.836 -10.077 -10.322 -10.585 -10.763 -10.689 -10.549 -9.02 -12.28 -10.554 -10.582 -12.62 -12.454 -12.992 -12.396 -11.007 -9.668 -11.0 -10.159 -11.259
14.25 -7.983 1.178 -8.485 -5.712 -9.546 -10.368 1.964 0.793 1.912 3.49 -1.585 -1.892 -4.842 -6.233 -7.455 -7.814 -9.813 -10.026 -10.303 -10.565 -10.751 -10.67 -10.541 -9.028 -12.286 -10.535 -10.568 -12.608 -12.414 -12.996 -12.395 -10.974 -9.596 -11.008 -10.147 -11.331
14.35 -7.943 1.38 -8.445 -5.674 -9.505 -10.388 2.02 0.825 1.946 3.611 5.583 -2.063 -4.577 -6.222 -7.52 -7.9 -9.683 -9.956 -10.309 -10.544 -10.723 -10.618 -10.437 -8.963 -12.256 -10.504 -10.511 -12.593 -12.451 -12.972 -12.371 -10.963 -9.392 -10.941 -10.336 -11.271
14.45 -7.989 1.32 -8.491 -5.772 -9.551 -10.393 1.96 0.775 1.888 3.57 1.943 -2.172 -4.656 -6.306 -7.52 -7.906 -9.776 -10.02 -10.279 -10.566 -10.772 -10.687 -10.51 -9.0 -12.243 -10.506 -10.59 -12.576 -12.406 -12.937 -12.335 -10.927 -9.43 -10.98 -10.091 -11.32
14.55 -7.949 1.385 -8.451 -5.598 -9.514 -10.338 2.021 0.816 1.93 3.505 5.879 4.948 -4.048 -6.142 -7.423 -7.81 -9.786 -9.993 -10.265 -10.548 -10.731 -10.647 -10.497 -8.956 -12.24 -10.536 -10.511 -12.572 -12.406 -12.925 -12.318 -10.884 -9.367 -10.988 -10.139 -11.426
14.65 -7.908 1.403 -8.41 -5.66 -9.469 -10.365 2.03 0.832 1.957 3.639 5.751 4.136 -4.656 -6.19 -7.372 -7.743 -9.684 -9.954 -10.197 -10.497 -10.679 -10.592 -10.445 -8.881 -12.234 -10.429 -10.505 -12.544 -12.35 -12.915 -12.313 -10.894 -9.54 -10.863 -10.169 -11.478
14.75 -7.907 1.372 -8.41 -5.399 -9.48 -10.346 1.995 0.83 1.962 3.682 -1.414 -1.957 -3.934 -5.939 -7.195 -7.606 -9.737 -9.984 -10.213 -10.512 -10.717 -10.609 -10.445 -8.908 -12.24 -10.461 -10.491 -12.535 -12.341 -12.89 -12.296 -10.93 -9.533 -10.955 -10.192 -11.491
14.85 -7.945 1.35 -8.447 -5.701 -9.506 -10.352 1.993 0.827 1.941 3.526 -1.409 -1.996 -4.686 -6.234 -7.511 -7.886 -9.723 -9.973 -10.184 -10.45 -10.629 -10.52 -10.324 -8.963 -12.182 -10.419 -10.391 -12.491 -12.327 -12.871 -12.258 -10.755 -9.546 -10.862 -10.056 -11.332
14.95 -7.91 1.416 -8.413 -5.484 -9.479 -10.292 2.049 0.851 1.973 3.594 5.736 2.198 -4.327 -6.026 -7.317 -7.701 -9.757 -9.98 -10.091 -10.422 -10.623 -10.531 -10.323 -8.962 -12.189 -10.362 -10.372 -12.481 -12.269 -12.838 -12.236 -10.815 -9.527 -11.037 -10.136 -11.375
15.05 -7.915 1.409 -8.418 -5.531 -9.481 -10.373 2.05 0.823 1.952 3.62 6.026 4.863 -3.476 -6.076 -7.236 -7.633 -9.735 -9.998 -10.194 -10.439 -10.612 -10.466 -10.315 -8.91 -12.182 -10.404 -10.34 -12.47 -12.277 -12.831 -12.229 -10.805 -9.481 -10.96 -10.1 -11.475
15.15 -7.856 1.452 -8.358 -5.695 -9.412 -10.272 2.059 0.879 1.991 3.922 5.855 4.801 -4.475 -6.221 -7.26 -7.645 -9.659 -9.913 -10.094 -10.366 -10.561 -10.47 -10.377 -8.77 -12.15 -10.319 -10.394 -12.447 -12.235 -12.837 -12.218 -10.673 -9.352 -10.809 -10.194 -11.408
15.25 -7.884 1.447 -8.387 -5.343 -9.458 -10.251 2.115 0.89 2.016 3.512 5.741 0.646 -4.077 -5.896 -7.254 -7.623 -9.769 -9.964 -10.107 -10.383 -10.562 -10.448 -10.276 -8.914 -12.156 -10.336 -10.316 -12.442 -12.248 -12.821 -12.219 -10.791 -9.38 -10.792 -10.175 -11.418
15.35 -7.84 1.466 -8.342 -5.506 -9.403 -10.272 2.095 0.897 2.023 3.694 5.88 2.873 -4.354 -6.039 -7.258 -7.645 -9.647 -9.899 -10.056 -10.322 -10.494 -10.427 -10.288 -8.805 -12.143 -10.277 -10.318 -12.414 -12.211 -12.816 -12.215 -10.803 -9.268 -10.811 -9.964 -11.366
15.45 -7.807 1.5 -8.31 -5.564 -9.369 -10.246 2.122 0.936 2.059 3.672 5.711 -0.72 -4.623 -6.083 -7.198 -7.553 -9.627 -9.872 -10.047 -10.295 -10.467 -10.388 -10.292 -8.784 -12.11 -10.272 -10.288 -12.399 -12.215 -12.766 -12.171 -10.804 -9.391 -10.737 -10.078 -11.327
15.55 -7.819 1.487 -8.322 -5.635 -9.374 -10.249 2.113 0.928 2.056 3.641 5.793 -1.722 -4.68 -6.152 -7.219 -7.578 -9.636 -9.89 -10.039 -10.253 -10.421 -10.307 -10.215 -8.816 -12.142 -10.211 -10.242 -12.399 -12.188 -12.77 -12.166 -10.731 -9.427 -10.863 -10.152 -11.489
15.65 -7.837 1.476 -8.339 -5.645 -9.394 -10.222 2.124 0.938 2.054 3.719 5.613 -1.873 -4.837 -6.163 -7.331 -7.689 -9.652 -9.881 -9.977 -10.265 -10.446 -10.341 -10.213 -8.871 -12.102 -10.18 -10.287 -12.373 -12.169 -12.738 -12.142 -10.773 -9.18 -10.873 -10.126 -11.428
15.75 -7.857 1.476 -8.36 -5.473 -9.421 -10.236 2.121 0.91 2.033 3.542 5.943 4.98 -4.479 -6.016 -7.304 -7.666 -9.696 -9.921 -9.959 -10.213 -10.375 -10.291 -10.177 -8.907 -12.113 -10.137 -10.211 -12.365 -12.13 -12.743 -12.134 -10.668 -9.368 -10.785 -10.183 -11.432
15.85 -7.82 1.484 -8.323 -5.525 -9.383 -10.224 2.108 0.925 2.044 3.865 2.25 -1.793 -4.469 -6.052 -7.217 -7.594 -9.647 -9.888 -9.966 -10.177 -10.331 -10.241 -10.172 -8.807 -12.118 -10.114 -10.187 -12.358 -12.105 -12.742 -12.13 -10.669 -9.191 -10.846 -10.139 -11.493
15.95 -7.782 1.55 -8.285 -5.732 -9.333 -10.12 2.197 0.995 2.114 3.743 5.67 -1.763 -4.225 -6.264 -7.367 -7.775 -9.594 -9.814 -9.917 -10.172 -10.34 -10.222 -10.108 -8.825 -12.079 -10.135 -10.162 -12.32 -12.06 -12.707 -12.105 -10.677 -9.234 -10.791 -10.012 -11.549
16.05 -7.772 1.531 -8.275 -5.518 -9.333 -10.159 2.154 0.979 2.096 3.697 2.245 -1.799 -4.409 -6.045 -7.305 -7.695 -9.568 -9.818 -9.894 -10.132 -10.296 -10.202 -10.123 -8.783 -12.056 -10.105 -10.106 -12.308 -12.068 -12.7 -12.084 -10.552 -9.345 -10.759 -10.028 -11.472
16.15 -7.782 1.507 -8.285 -5.687 -9.334 -10.208 2.125 0.962 2.09 3.811 2.414 -1.623 -4.849 -6.204 -7.254 -7.611 -9.554 -9.839 -9.88 -10.19 -10.395 -10.291 -10.158 -8.746 -12.064 -10.122 -10.196 -12.301 -12.038 -12.68 -12.076 -10.632 -9.291 -10.778 -10.084 -11.399
16.25 -7.739 1.572 -8.242 -5.484 -9.298 -10.158 2.208 1.005 2.128 3.815 5.964 4.802 -4.606 -6.004 -7.119 -7.469 -9.568 -9.814 -9.884 -10.139 -10.306 -10.223 -10.138 -8.709 -12.055 -10.078 -10.146 -12.293 -12.05 -12.681 -12.074 -10.601 -9.247 -10.692 -9.929 -11.539
16.35 -7.723 1.59 -8.225 -5.698 -9.272 -10.108 2.215 1.033 2.155 3.856 5.854 -1.568 -4.723 -6.218 -7.272 -7.65 -9.506 -9.766 -9.83 -10.095 -10.28 -10.178 -10.055 -8.721 -12.032 -10.024 -10.116 -12.281 -12.033 -12.671 -12.068 -10.651 -9.234 -10.716 -9.922 -11.452
16.45 -7.764 1.557 -8.267 -5.637 -9.319 -10.149 2.179 1.0 2.126 3.832 5.806 -1.677 -4.553 -6.169 -7.258 -7.632 -9.563 -9.818 -9.809 -10.089 -10.25 -10.163 -10.034 -8.796 -12.041 -10.024 -10.083 -12.267 -12.032 -12.636 -12.038 -10.635 -9.349 -10.804 -10.021 -11.506
16.55 -7.695 1.612 -8.197 -5.365 -9.257 -10.119 2.209 1.04 2.167 3.653 6.06 -0.596 -4.39 -5.889 -7.095 -7.442 -9.511 -9.772 -9.846 -10.089 -10.273 -10.151 -10.064 -8.693 -12.032 -10.053 -10.106 -12.263 -12.004 -12.627 -12.017 -10.555 -9.248 -10.818 -10.002 -11.554
16.65 -7.695 1.629 -8.198 -5.644 -9.245 -10.073 2.274 1.073 2.189 3.95 5.769 5.081 -4.592 -6.165 -7.227 -7.595 -9.498 -9.74 -9.807 -10.07 -10.24 -10.128 -9.957 -8.721 -11.98 -9.98 -10.043 -12.23 -12.013 -12.603 -12.001 -10.587 -9.006 -10.723 -9.784 -11.493
16.75 -7.675 1.618 -8.177 -5.483 -9.234 -10.004 2.279 1.11 2.232 3.792 -1.108 -1.489 -3.962 -6.025 -7.267 -7.676 -9.488 -9.705 -9.742 -10.034 -10.211 -10.134 -9.992 -8.715 -11.98 -9.984 -10.017 -12.223 -11.968 -12.6 -11.995 -10.567 -9.088 -10.705 -9.921 -11.382
16.85 -7.656 1.654 -8.158 -5.536 -9.21 -10.045 2.301 1.104 2.22 3.868 5.301 -1.728 -4.496 -6.059 -7.192 -7.565 -9.454 -9.7 -9.77 -10.012 -10.172 -10.071 -10.008 -8.655 -11.997 -9.936 -10.04 -12.216 -11.913 -12.612 -12.003 -10.543 -9.169 -10.612 -10.066 -11.526
16.95 -7.694 1.62 -8.196 -5.498 -9.253 -10.114 2.251 1.05 2.18 3.812 5.875 5.012 -4.6 -6.022 -7.176 -7.525 -9.494 -9.747 -9.765 -9.993 -10.132 -10.083 -10.031 -8.687 -11.996 -9.92 -10.022 -12.192 -11.904 -12.592 -11.987 -10.539 -9.215 -10.726 -9.877 -11.497
17.05 -7.655 1.66 -8.158 -5.56 -9.209 -9.995 2.296 1.128 2.249 3.88 3.418 -2.279 -4.578 -6.084 -7.209 -7.581 -9.474 -9.693 -9.721 -9.994 -10.164 -10.056 -9.895 -8.682 -11.954 -9.949 -9.894 -12.166 -11.862 -12.563 -11.959 -10.526 -8.93 -10.603 -10.031 -11.487
17.15 -7.628 1.69 -8.131 -5.572 -9.18 -9.992 2.341 1.141 2.255 3.904 5.954 2.339 -4.549 -6.102 -7.2 -7.572 -9.422 -9.669 -9.677 -9.957 -10.133 -10.058 -9.987 -8.664 -11.942 -9.899 -10.01 -12.158 -11.895 -12.547 -11.938 -10.466 -9.079 -10.713 -9.943 -11.419
17.25 -7.617 1.722 -8.119 -5.548 -9.169 -9.944 2.358 1.165 2.286 3.867 5.912 5.21 -4.244 -6.083 -7.221 -7.6 -9.425 -9.649 -9.63 -9.894 -10.055 -9.984 -9.882 -8.659 -11.913 -9.826 -9.907 -12.141 -11.872 -12.526 -11.914 -10.437 -8.985 -10.586 -9.935 -11.445
17.35 -7.606 1.731 -8.109 -5.556 -9.157 -9.959 2.362 1.175 2.294 3.833 5.804 4.639 -4.535 -6.083 -7.22 -7.585 -9.396 -9.629 -9.712 -9.958 -10.124 -10.026 -9.882 -8.644 -11.922 -9.891 -9.92 -12.128 -11.876 -12.511 -11.902 -10.424 -9.029 -10.775 -9.884 -11.422
17.45 -7.578 1.748 -8.08 -5.618 -9.124 -9.937 2.38 1.197 2.316 3.988 5.775 5.208 -4.576 -6.144 -7.226 -7.592 -9.346 -9.592 -9.63 -9.882 -10.045 -9.97 -9.849 -8.598 -11.926 -9.786 -9.886 -12.129 -11.829 -12.503 -11.899 -10.467 -9.109 -10.628 -9.914 -11.551
17.55 -7.581 1.722 -8.083 -5.525 -9.132 -9.951 2.342 1.18 2.296 3.996 1.255 -2.299 -4.363 -6.05 -7.191 -7.589 -9.348 -9.61 -9.583 -9.877 -10.062 -9.984 -9.851 -8.597 -11.909 -9.824 -9.896 -12.095 -11.76 -12.473 -11.868 -10.446 -8.936 -10.661 -9.926 -11.524
17.65 -7.571 1.733 -8.074 -5.431 -9.125 -9.912 2.365 1.2 2.321 3.845 -0.756 -1.232 -4.372 -5.951 -7.15 -7.524 -9.394 -9.615 -9.537 -9.852 -10.042 -9.959 -9.827 -8.631 -11.881 -9.781 -9.855 -12.083 -11.792 -12.461 -11.856 -10.421 -8.919 -10.657 -9.831 -11.514
17.75 -7.542 1.754 -8.044 -5.509 -9.093 -9.91 2.366 1.219 2.343 3.994 0.184 -1.489 -4.402 -6.027 -7.08 -7.446 -9.342 -9.588 -9.541 -9.806 -9.97 -9.915 -9.887 -8.554 -11.907 -9.734 -9.882 -12.082 -11.767 -12.462 -11.851 -10.377 -9.037 -10.682 -9.945 -11.575
17.85 -7.533 1.792 -8.036 -5.391 -9.088 -9.888 2.419 1.228 2.337 4.039 6.138 4.894 -4.248 -5.921 -7.079 -7.456 -9.354 -9.572 -9.576 -9.807 -9.947 -9.871 -9.806 -8.557 -11.862 -9.733 -9.823 -12.046 -11.749 -12.428 -11.83 -10.438 -8.975 -10.578 -9.955 -11.43
17.95 -7.472 1.855 -7.975 -5.306 -9.028 -9.843 2.463 1.28 2.407 4.079 6.319 5.299 -4.17 -5.832 -6.953 -7.323 -9.294 -9.538 -9.467 -9.746 -9.921 -9.89 -9.849 -8.498 -11.863 -9.691 -9.855 -12.05 -11.722 -12.452 -11.852 -10.45 -8.99 -10.598 -9.851 -11.408
18.05 -7.478 1.846 -7.98 -5.486 -9.026 -9.821 2.471 1.298 2.418 4.099 6.139 5.236 -4.535 -6.014 -7.064 -7.439 -9.273 -9.509 -9.477 -9.751 -9.922 -9.879 -9.79 -8.487 -11.866 -9.657 -9.843 -12.042 -11.687 -12.447 -11.833 -10.334 -8.927 -10.659 -9.869 -11.547
18.15 -7.479 1.837 -7.981 -5.678 -9.011 -9.813 2.47 1.296 2.403 4.056 5.849 5.191 -4.864 -6.174 -7.105 -7.432 -9.274 -9.512 -9.456 -9.716 -9.89 -9.82 -9.759 -8.46 -11.843 -9.679 -9.756 -12.035 -11.729 -12.401 -11.803 -10.41 -8.915 -10.626 -9.769 -11.534
18.25 -7.493 1.79 -7.995 -5.599 -9.03 -9.882 2.406 1.26 2.383 4.101 -0.035 -2.161 -4.529 -6.096 -7.049 -7.41 -9.268 -9.539 -9.451 -9.723 -9.888 -9.805 -9.664 -8.45 -11.864 -9.605 -9.74 -12.029 -11.718 -12.413 -11.799 -10.298 -8.916 -10.619 -9.958 -11.53
18.35 -7.446 1.874 -7.949 -5.374 -8.995 -9.789 2.496 1.313 2.438 4.056 6.104 4.784 -4.259 -5.892 -6.942 -7.321 -9.278 -9.504 -9.41 -9.728 -9.927 -9.832 -9.748 -8.441 -11.836 -9.652 -9.773 -12.004 -11.676 -12.375 -11.769 -10.312 -9.075 -10.636 -9.876 -11.516
18.45 -7.43 1.909 -7.932 -5.5 -8.972 -9.731 2.529 1.367 2.485 3.989 6.083 5.127 -4.404 -6.025 -7.117 -7.494 -9.224 -9.44 -9.371 -9.694 -9.876 -9.79 -9.61 -8.487 -11.797 -9.634 -9.65 -11.991 -11.675 -12.379 -11.762 -10.232 -9.011 -10.57 -9.83 -11.496
18.55 -7.417 1.879 -7.919 -5.483 -8.961 -9.795 2.5 1.346 2.468 4.237 4.556 -1.974 -4.483 -6.0 -7.011 -7.388 -9.182 -9.45 -9.407 -9.657 -9.828 -9.755 -9.74 -8.415 -11.8 -9.596 -9.738 -11.97 -11.629 -12.352 -11.751 -10.347 -8.907 -10.552 -9.67 -11.527
18.65 -7.388 1.931 -7.891 -5.44 -8.932 -9.721 2.577 1.398 2.511 4.087 5.836 -1.476 -4.566 -5.955 -6.981 -7.328 -9.202 -9.42 -9.398 -9.664 -9.842 -9.721 -9.628 -8.456 -11.8 -9.607 -9.651 -11.965 -11.614 -12.356 -11.749 -10.298 -8.985 -10.526 -9.85 -11.525
18.75 -7.414 1.884 -7.915 -5.634 -8.941 -9.708 2.521 1.38 2.493 4.139 0.503 -2.016 -4.673 -6.131 -7.035 -7.398 -9.223 -9.436 -9.352 -9.66 -9.839 -9.756 -9.598 -8.469 -11.789 -9.573 -9.661 -11.948 -11.584 -12.337 -11.741 -10.354 -8.942 -10.572 -9.707 -11.509
18.85 -7.378 1.928 -7.88 -5.422 -8.923 -9.697 2.564 1.396 2.516 4.093 6.152 -1.554 -4.583 -5.941 -6.943 -7.285 -9.208 -9.415 -9.352 -9.637 -9.822 -9.751 -9.717 -8.387 -11.765 -9.601 -9.71 -11.939 -11.581 -12.31 -11.709 -10.283 -8.848 -10.643 -9.707 -11.501
18.95 -7.368 1.951 -7.87 -5.379 -8.915 -9.656 2.584 1.421 2.539 4.014 2.637 -1.426 -4.403 -5.904 -7.024 -7.382 -9.181 -9.392 -9.261 -9.536 -9.719 -9.679 -9.657 -8.422 -11.788 -9.47 -9.641 -11.928 -11.562 -12.33 -11.731 -10.323 -9.049 -10.548 -9.742 -11.5
19.05 -7.352 1.989 -7.854 -5.425 -8.899 -9.642 2.624 1.439 2.551 4.177 5.961 5.438 -4.463 -5.947 -7.008 -7.366 -9.159 -9.371 -9.312 -9.571 -9.751 -9.632 -9.558 -8.401 -11.766 -9.5 -9.569 -11.911 -11.538 -12.299 -11.7 -10.299 -8.812 -10.545 -9.787 -11.5
19.15 -7.34 1.973 -7.842 -5.483 -8.877 -9.646 2.598 1.448 2.56 4.133 4.633 -1.99 -4.479 -5.993 -7.015 -7.381 -9.139 -9.35 -9.32 -9.599 -9.793 -9.706 -9.634 -8.379 -11.744 -9.538 -9.633 -11.907 -11.579 -12.275 -11.675 -10.265 -8.856 -10.625 -9.784 -11.466
19.25 -7.32 2.017 -7.822 -5.372 -8.865 -9.627 2.647 1.481 2.599 4.172 6.125 2.953 -4.4 -5.897 -7.006 -7.371 -9.106 -9.334 -9.27 -9.571 -9.756 -9.652 -9.476 -8.392 -11.737 -9.464 -9.554 -11.895 -11.542 -12.292 -11.685 -10.234 -8.783 -10.553 -9.685 -11.497
19.35 -7.319 2.001 -7.821 -5.518 -8.855 -9.609 2.644 1.476 2.593 4.153 4.46 -2.131 -4.453 -6.035 -7.026 -7.401 -9.102 -9.329 -9.258 -9.53 -9.707 -9.648 -9.556 -8.363 -11.741 -9.479 -9.574 -11.887 -11.515 -12.274 -11.665 -10.188 -8.871 -10.499 -9.764 -11.517
19.45 -7.301 1.988 -7.803 -5.465 -8.84 -9.613 2.627 1.483 2.602 4.254 5.591 -2.508 -4.895 -5.967 -6.877 -7.19 -9.116 -9.347 -9.212 -9.519 -9.716 -9.644 -9.557 -8.359 -11.718 -9.462 -9.581 -11.871 -11.487 -12.252 -11.648 -10.219 -8.809 -10.546 -9.639 -11.508
19.55 -7.267 2.037 -7.769 -5.39 -8.804 -9.55 2.682 1.525 2.637 4.265 4.669 -2.099 -4.479 -5.901 -6.963 -7.325 -9.066 -9.276 -9.222 -9.508 -9.713 -9.584 -9.423 -8.323 -11.715 -9.479 -9.459 -11.857 -11.495 -12.231 -11.633 -10.245 -8.857 -10.549 -9.773 -11.485
19.65 -7.289 2.038 -7.791 -5.518 -8.822 -9.546 2.682 1.522 2.642 4.045 4.544 -1.323 -4.561 -6.029 -7.054 -7.416 -9.079 -9.281 -9.187 -9.47 -9.661 -9.556 -9.496 -8.367 -11.724 -9.424 -9.508 -11.857 -11.464 -12.235 -11.636 -10.235 -9.049 -10.572 -9.697 -11.504
19.75 -7.24 2.088 -7.742 -5.405 -8.774 -9.547 2.736 1.546 2.662 4.374 6.28 4.891 -4.082 -5.922 -6.875 -7.275 -9.04 -9.264 -9.153 -9.41 -9.589 -9.512 -9.449 -8.286 -11.704 -9.337 -9.487 -11.841 -11.486 -12.237 -11.626 -10.148 -9.059 -10.507 -9.703 -11.498
19.85 -7.204 2.098 -7.705 -5.472 -8.733 -9.499 2.737 1.588 2.7 4.313 3.912 -1.976 -4.569 -5.981 -6.973 -7.343 -8.954 -9.192 -9.055 -9.385 -9.572 -9.549 -9.505 -8.263 -11.692 -9.313 -9.501 -11.824 -11.401 -12.204 -11.608 -10.221 -8.832 -10.472 -9.791 -11.5
19.95 -7.218 2.093 -7.719 -5.566 -8.742 -9.514 2.709 1.576 2.692 4.349 3.739 -1.311 -4.603 -6.069 -6.96 -7.329 -8.968 -9.209 -9.099 -9.39 -9.555 -9.52 -9.505 -8.266 -11.704 -9.318 -9.491 -11.824 -11.422 -12.209 -11.614 -10.232 -8.714 -10.529 -9.61 -11.531
20.05 -7.181 2.129 -7.683 -5.548 -8.703 -9.487 2.746 1.601 2.716 4.395 5.912 5.521 -4.692 -6.054 -6.968 -7.305 -8.916 -9.175 -9.043 -9.36 -9.568 -9.483 -9.373 -8.164 -11.677 -9.321 -9.413 -11.803 -11.395 -12.168 -11.567 -10.151 -8.843 -10.443 -9.591 -11.572
20.15 -7.208 2.081 -7.709 -5.577 -8.728 -9.498 2.721 1.593 2.71 4.192 -0.644 -1.881 -4.749 -6.073 -7.016 -7.358 -8.953 -9.193 -9.056 -9.377 -9.566 -9.485 -9.384 -8.268 -11.697 -9.323 -9.407 -11.819 -11.387 -12.174 -11.569 -10.134 -8.805 -10.549 -9.832 -11.597
20.25 -7.114 2.202 -7.616 -5.36 -8.645 -9.422 2.838 1.675 2.788 4.503 6.125 1.283 -4.396 -5.869 -6.803 -7.163 -8.894 -9.132 -9.015 -9.353 -9.565 -9.544 -9.448 -8.145 -11.648 -9.297 -9.467 -11.774 -11.367 -12.178 -11.58 -10.176 -8.738 -10.456 -9.594 -11.487
20.35 -7.165 2.146 -7.666 -5.515 -8.684 -9.476 2.783 1.632 2.749 4.41 5.979 -1.786 -4.542 -6.017 -6.888 -7.248 -8.911 -9.166 -9.025 -9.349 -9.544 -9.454 -9.323 -8.217 -11.646 -9.285 -9.354 -11.769 -11.362 -12.173 -11.574 -10.165 -8.842 -10.441 -9.609 -11.502
20.45 -7.135 2.156 -7.636 -5.513 -8.655 -9.423 2.824 1.681 2.797 4.397 -0.625 -1.978 -4.439 -6.022 -6.951 -7.343 -8.87 -9.095 -9.051 -9.294 -9.431 -9.459 -9.519 -8.2 -11.617 -9.207 -9.485 -11.751 -11.355 -12.155 -11.545 -10.056 -8.64 -10.392 -9.563 -11.428
20.55 -7.13 2.195 -7.631 -5.548 -8.644 -9.35 2.846 1.689 2.793 4.397 5.751 -1.243 -4.633 -6.047 -6.876 -7.212 -8.94 -9.13 -9.05 -9.344 -9.558 -9.45 -9.366 -8.215 -11.637 -9.322 -9.385 -11.759 -11.351 -12.141 -11.532 -10.052 -8.75 -10.544 -9.758 -11.448
20.65 -7.102 2.094 -7.604 -5.392 -8.628 -9.382 2.827 1.709 2.813 4.534 -0.576 -1.908 -4.389 -5.9 -6.898 -7.285 -8.843 -9.078 -8.983 -9.281 -9.467 -9.418 -9.356 -8.163 -11.621 -9.238 -9.326 -11.725 -11.284 -12.124 -11.52 -10.076 -8.618 -10.452 -9.652 -11.521
20.75 -7.065 2.265 -7.566 -5.412 -8.588 -9.338 2.892 1.748 2.862 4.28 6.237 5.679 -4.56 -5.919 -6.87 -7.2 -8.831 -9.046 -8.998 -9.264 -9.451 -9.373 -9.351 -8.166 -11.622 -9.219 -9.331 -11.74 -11.303 -12.123 -11.52 -10.087 -8.712 -10.475 -9.689 -11.519
20.85 -7.057 2.256 -7.558 -5.376 -8.581 -9.352 2.884 1.733 2.839 4.622 5.401 -1.365 -4.188 -5.886 -6.837 -7.228 -8.791 -9.04 -8.954 -9.242 -9.419 -9.413 -9.362 -8.097 -11.602 -9.144 -9.367 -11.717 -11.305 -12.106 -11.506 -10.101 -8.735 -10.501 -9.495 -11.465
20.95 -7.023 2.272 -7.524 -5.478 -8.535 -9.307 2.918 1.771 2.874 4.566 5.819 -0.998 -4.662 -5.972 -6.767 -7.104 -8.79 -9.017 -8.958 -9.22 -9.393 -9.324 -9.274 -8.032 -11.596 -9.16 -9.272 -11.705 -11.281 -12.087 -11.487 -10.093 -8.738 -10.443 -9.566 -11.444
21.05 -7.051 2.275 -7.553 -5.491 -8.559 -9.327 2.905 1.762 2.867 4.492 5.199 -1.174 -4.354 -5.992 -6.873 -7.249 -8.781 -9.023 -8.926 -9.252 -9.452 -9.37 -9.255 -8.111 -11.595 -9.185 -9.283 -11.707 -11.284 -12.078 -11.481 -10.097 -8.669 -10.406 -9.623 -11.493
21.15 -6.996 2.334 -7.497 -5.403 -8.508 -9.253 2.957 1.81 2.915 4.526 6.074 5.117 -4.344 -5.906 -6.806 -7.166 -8.748 -8.982 -8.825 -9.208 -9.434 -9.376 -9.332 -8.039 -11.598 -9.15 -9.337 -11.697 -11.233 -12.1 -11.499 -10.09 -8.72 -10.511 -9.618 -11.486
21.25 -6.963 2.347 -7.463 -5.493 -8.465 -9.24 3.004 1.846 2.95 4.613 5.231 -1.464 -4.418 -5.99 -6.802 -7.172 -8.693 -8.923 -8.907 -9.222 -9.412 -9.357 -9.322 -7.965 -11.563 -9.158 -9.332 -11.678 -11.219 -12.052 -11.445 -9.992 -8.786 -10.485 -9.524 -11.488
21.35 -6.992 2.308 -7.493 -5.381 -8.51 -9.281 2.953 1.825 2.93 4.572 -0.351 -1.893 -4.26 -5.891 -6.868 -7.249 -8.68 -8.945 -8.88 -9.151 -9.312 -9.269 -9.288 -8.094 -11.544 -9.09 -9.258 -11.662 -11.235 -12.07 -11.47 -10.06 -8.651 -10.464 -9.535 -11.393
21.45 -6.965 2.352 -7.466 -5.461 -8.473 -9.305 2.964 1.82 2.931 4.79 6.189 5.497 -4.467 -5.966 -6.806 -7.176 -8.626 -8.928 -8.844 -9.148 -9.336 -9.312 -9.272 -7.979 -11.579 -9.064 -9.296 -11.665 -11.192 -12.036 -11.434 -10.001 -8.668 -10.429 -9.65 -11.536
21.55 -6.957 2.38 -7.457 -5.458 -8.462 -9.176 3.032 1.876 2.974 4.637 6.213 -1.039 -4.449 -5.968 -6.875 -7.241 -8.682 -8.896 -8.795 -9.128 -9.331 -9.25 -9.145 -8.056 -11.551 -9.071 -9.172 -11.643 -11.201 -12.032 -11.436 -10.037 -8.593 -10.408 -9.515 -11.504
21.65 -6.935 2.393 -7.436 -5.5 -8.433 -9.148 3.06 1.907 3.015 4.528 5.263 -1.852 -4.307 -5.999 -6.86 -7.25 -8.653 -8.874 -8.736 -9.053 -9.253 -9.185 -9.128 -8.011 -11.535 -8.972 -9.132 -11.625 -11.144 -12.029 -11.424 -9.99 -8.489 -10.455 -9.508 -11.433
21.75 -6.928 2.393 -7.429 -5.473 -8.429 -9.155 3.037 1.903 3.009 4.575 4.94 -1.664 -4.301 -5.981 -6.829 -7.217 -8.646 -8.871 -8.721 -9.05 -9.242 -9.2 -9.189 -7.979 -11.506 -9.012 -9.167 -11.609 -11.153 -11.983 -11.388 -10.021 -8.627 -10.408 -9.475 -11.402
21.85 -6.844 2.459 -7.344 -5.46 -8.336 -9.123 3.102 1.977 3.087 4.6 5.766 -2.125 -4.359 -5.959 -6.776 -7.132 -8.532 -8.78 -8.767 -9.124 -9.342 -9.238 -9.163 -7.86 -11.536 -9.04 -9.199 -11.638 -11.159 -11.996 -11.394 -9.972 -8.735 -10.47 -9.614 -11.491
21.95 -6.901 2.357 -7.402 -5.492 -8.4 -9.167 3.013 1.926 3.03 4.725 -0.256 -1.508 -4.471 -5.993 -6.823 -7.195 -8.578 -8.84 -8.77 -9.058 -9.261 -9.157 -9.064 -8.003 -11.533 -8.981 -9.11 -11.615 -11.133 -11.999 -11.399 -9.984 -8.654 -10.44 -9.464 -11.517
22.05 -6.858 2.457 -7.359 -5.306 -8.374 -9.081 3.117 1.963 3.075 4.814 5.978 -1.738 -4.388 -5.817 -6.732 -7.097 -8.599 -8.818 -8.652 -9.041 -9.274 -9.228 -9.116 -7.947 -11.527 -8.982 -9.118 -11.617 -11.124 -11.976 -11.384 -10.031 -8.495 -10.44 -9.602 -11.509
22.15 -6.853 2.47 -7.354 -5.395 -8.354 -9.103 3.145 1.968 3.082 4.604 6.131 0.244 -4.488 -5.889 -6.723 -7.062 -8.592 -8.816 -8.621 -8.994 -9.199 -9.166 -9.078 -7.908 -11.515 -8.888 -9.083 -11.592 -11.089 -11.992 -11.384 -9.916 -8.596 -10.348 -9.472 -11.525
22.25 -6.848 2.501 -7.348 -5.451 -8.343 -8.993 3.165 2.01 3.117 4.598 6.128 -1.053 -4.338 -5.96 -6.827 -7.2 -8.577 -8.768 -8.636 -8.993 -9.216 -9.177 -9.129 -7.965 -11.524 -8.952 -9.13 -11.602 -11.114 -11.964 -11.362 -9.938 -8.657 -10.364 -9.577 -11.547
22.35 -6.844 2.481 -7.345 -5.41 -8.346 -9.06 3.13 1.989 3.096 4.644 6.197 -0.687 -4.525 -5.91 -6.79 -7.148 -8.566 -8.78 -8.66 -9.04 -9.271 -9.213 -9.107 -7.899 -11.501 -8.98 -9.144 -11.572 -11.071 -11.953 -11.357 -9.963 -8.621 -10.328 -9.547 -11.508
22.45 -6.781 2.563 -7.281 -5.475 -8.268 -8.969 3.234 2.072 3.174 4.831 6.159 6.082 -4.388 -5.976 -6.762 -7.129 -8.49 -8.691 -8.686 -8.984 -9.179 -9.121 -9.105 -7.88 -11.466 -8.918 -9.106 -11.56 -11.051 -11.96 -11.355 -9.906 -8.442 -10.306 -9.429 -11.48
22.55 -6.788 2.52 -7.288 -5.504 -8.272 -9.048 3.171 2.04 3.146 4.691 5.374 -0.98 -4.54 -6.003 -6.794 -7.145 -8.44 -8.688 -8.67 -8.949 -9.123 -9.094 -9.137 -7.809 -11.46 -8.842 -9.1 -11.555 -11.105 -11.918 -11.321 -9.926 -8.63 -10.32 -9.526 -11.408
22.65 -6.806 2.535 -7.306 -5.319 -8.312 -9.042 3.159 2.022 3.132 4.73 6.283 3.43 -4.308 -5.829 -6.778 -7.153 -8.477 -8.729 -8.615 -8.946 -9.165 -9.082 -9.058 -7.892 -11.448 -8.931 -9.042 -11.521 -11.034 -11.914 -11.309 -9.871 -8.465 -10.361 -9.561 -11.377
22.75 -6.792 2.508 -7.292 -5.527 -8.27 -8.95 3.171 2.071 3.163 4.718 4.085 -2.338 -4.666 -6.016 -6.815 -7.164 -8.484 -8.692 -8.657 -9.0 -9.228 -9.13 -9.005 -7.863 -11.475 -8.947 -9.057 -11.538 -11.001 -11.931 -11.329 -9.906 -8.469 -10.34 -9.554 -11.456
22.85 -6.783 2.532 -7.283 -5.479 -8.268 -9.026 3.179 2.045 3.151 4.816 6.055 -0.951 -4.44 -5.974 -6.724 -7.089 -8.466 -8.712 -8.603 -8.964 -9.165 -9.125 -9.114 -7.813 -11.477 -8.909 -9.111 -11.548 -11.045 -11.916 -11.311 -9.868 -8.571 -10.367 -9.503 -11.474
22.95 -6.697 2.619 -7.197 -5.332 -8.185 -8.953 3.281 2.131 3.24 4.839 6.295 -1.485 -4.384 -5.831 -6.652 -6.999 -8.373 -8.622 -8.641 -8.966 -9.175 -9.119 -9.041 -7.766 -11.445 -8.917 -9.064 -11.528 -11.024 -11.899 -11.291 -9.837 -8.362 -10.467 -9.386 -11.445
23.05 -6.751 2.594 -7.251 -5.501 -8.225 -8.949 3.23 2.09 3.19 4.743 6.135 6.02 -4.299 -5.997 -6.759 -7.132 -8.441 -8.664 -8.54 -8.865 -9.066 -8.983 -9.009 -7.805 -11.421 -8.806 -9.017 -11.504 -10.999 -11.897 -11.286 -9.793 -8.516 -10.351 -9.434 -11.425
23.15 -6.722 2.633 -7.223 -5.353 -8.218 -8.909 3.268 2.137 3.24 4.722 6.276 6.108 -4.357 -5.863 -6.795 -7.162 -8.374 -8.608 -8.568 -8.898 -9.122 -9.064 -9.074 -7.85 -11.392 -8.868 -9.042 -11.478 -10.955 -11.87 -11.275 -9.9 -8.508 -10.309 -9.276 -11.357
23.25 -6.647 2.669 -7.147 -5.399 -8.126 -8.89 3.314 2.18 3.283 4.857 6.331 -0.587 -4.61 -5.89 -6.645 -6.975 -8.299 -8.553 -8.507 -8.872 -9.106 -9.054 -8.997 -7.678 -11.404 -8.791 -9.019 -11.48 -10.94 -11.881 -11.273 -9.8 -8.573 -10.352 -9.368 -11.401
23.35 -6.668 2.662 -7.168 -5.278 -8.164 -8.908 3.294 2.157 3.266 4.986 6.4 5.331 -4.328 -5.781 -6.61 -6.975 -8.35 -8.596 -8.482 -8.836 -9.055 -9.025 -9.019 -7.73 -11.4 -8.778 -8.994 -11.469 -10.942 -11.855 -11.253 -9.82 -8.518 -10.273 -9.447 -11.415
23.45 -6.649 2.676 -7.149 -5.361 -8.132 -8.885 3.326 2.192 3.298 5.021 6.007 -1.397 -4.065 -5.87 -6.672 -7.066 -8.28 -8.537 -8.493 -8.831 -9.022 -8.974 -8.945 -7.718 -11.403 -8.776 -8.952 -11.467 -10.961 -11.847 -11.24 -9.776 -8.438 -10.326 -9.444 -11.411
23.55 -6.654 2.686 -7.154 -5.431 -8.124 -8.812 3.35 2.213 3.299 4.916 6.324 1.88 -4.31 -5.931 -6.713 -7.085 -8.329 -8.54 -8.446 -8.785 -9.007 -8.94 -8.903 -7.752 -11.412 -8.738 -8.894 -11.464 -10.955 -11.853 -11.254 -9.839 -8.445 -10.296 -9.489 -11.479
23.65 -6.617 2.713 -7.117 -5.261 -8.108 -8.867 3.353 2.21 3.322 4.896 6.422 3.447 -4.321 -5.766 -6.575 -6.922 -8.303 -8.55 -8.462 -8.777 -8.976 -8.908 -8.847 -7.688 -11.422 -8.708 -8.857 -11.464 -10.915 -11.861 -11.268 -9.898 -8.428 -10.347 -9.479 -11.474
23.75 -6.567 2.754 -7.067 -5.368 -8.038 -8.81 3.418 2.278 3.386 5.106 6.184 -1.113 -4.241 -5.873 -6.658 -7.032 -8.148 -8.443 -8.377 -8.8 -9.051 -9.0 -8.912 -7.635 -11.397 -8.763 -8.93 -11.45 -10.879 -11.836 -11.233 -9.804 -8.394 -10.259 -9.437 -11.475
23.85 -6.576 2.733 -7.075 -5.48 -8.034 -8.833 3.365 2.274 3.372 5.028 5.773 -1.353 -4.451 -5.97 -6.634 -6.989 -8.16 -8.457 -8.444 -8.789 -8.987 -8.966 -8.967 -7.6 -11.394 -8.706 -8.988 -11.448 -10.903 -11.816 -11.211 -9.774 -8.473 -10.332 -9.49 -11.475
23.95 -6.58 2.745 -7.079 -5.412 -8.047 -8.774 3.414 2.285 3.39 4.861 5.112 -0.612 -4.517 -5.902 -6.665 -6.999 -8.228 -8.465 -8.366 -8.758 -9.018 -8.971 -8.923 -7.678 -11.386 -8.705 -8.93 -11.433 -10.872 -11.829 -11.232 -9.849 -8.491 -10.223 -9.298 -11.507
24.05 -6.442 2.87 -6.941 -5.334 -7.903 -8.654 3.537 2.4 3.5 5.204 5.162 -0.608 -4.328 -5.827 -6.505 -6.854 -8.068 -8.326 -8.303 -8.691 -8.921 -8.902 -8.857 -7.455 -11.325 -8.619 -8.867 -11.375 -10.806 -11.777 -11.178 -9.767 -8.428 -10.277 -9.297 -11.409
24.15 -6.147 3.166 -6.645 -5.177 -7.585 -8.227 3.867 2.759 3.838 5.642 5.542 -1.591 -4.223 -5.675 -6.389 -6.742 -7.717 -7.95 -7.902 -8.297 -8.548 -8.515 -8.482 -7.237 -11.038 -8.281 -8.495 -11.074 -10.502 -11.46 -10.864 -9.475 -8.109 -9.904 -9.066 -11.237
24.25 -5.819 3.461 -6.317 -4.88 -7.247 -7.865 4.184 3.111 4.2 5.729 6.18 -2.356 -3.827 -5.372 -6.057 -6.433 -7.399 -7.624 -7.419 -7.799 -8.062 -8.033 -8.04 -6.969 -10.704 -7.769 -8.059 -10.725 -10.128 -11.113 -10.517 -9.122 -7.708 -9.695 -8.446 -10.917
24.35 -5.482 3.836 -5.98 -4.669 -6.884 -7.517 4.48 3.44 4.519 6.312 7.029 3.614 -3.742 -5.146 -5.672 -6.008 -7.095 -7.304 -7.048 -7.36 -7.566 -7.522 -7.536 -6.574 -10.37 -7.392 -7.465 -10.38 -9.763 -10.762 -10.147 -8.617 -7.498 -9.326 -8.214 -10.621
24.45 -4.953 4.362 -5.447 -4.532 -6.25 -6.938 5.112 4.04 5.089 7.139 7.441 7.871 -3.594 -5.013 -5.488 -5.817 -6.224 -6.538 -6.566 -7.012 -7.276 -7.124 -7.088 -5.969 -10.061 -6.955 -7.099 -10.042 -9.387 -10.368 -9.763 -8.312 -6.836 -9.058 -7.895 -10.417
24.55 -4.425 4.809 -4.918 -4.114 -5.688 -6.061 5.627 4.666 5.679 7.465 7.439 -1.23 -3.141 -4.598 -5.116 -5.474 -5.656 -5.84 -5.782 -6.338 -6.692 -6.697 -6.728 -5.505 -9.636 -6.299 -6.701 -9.632 -9.025 -9.943 -9.338 -7.88 -6.26 -8.752 -7.837 -9.928
24.65 -3.975 5.358 -4.467 -3.795 -5.185 -5.675 6.145 5.114 6.125 7.796 8.052 8.711 -2.944 -4.267 -4.691 -4.997 -5.166 -5.395 -5.057 -5.589 -5.903 -5.8 -5.738 -5.1 -9.258 -5.607 -5.605 -9.196 -8.441 -9.426 -8.802 -7.2 -6.054 -8.342 -7.32 -9.705
24.75 -3.342 6.021 -3.835 -3.111 -4.562 -4.855 6.835 5.794 6.787 8.339 8.552 9.65 -2.387 -3.576 -4.022 -4.291 -4.701 -4.796 -4.193 -4.813 -5.048 -4.886 -4.706 -4.532 -8.624 -4.188 -4.983 -8.591 -7.993 -8.904 -8.236 -6.176 -4.794 -7.88 -6.337 -9.067
24.85 -3.135 6.187 -3.62 -3.435 -4.001 -3.17 7.078 6.317 7.153 8.45 8.173 9.434 -2.494 -3.896 -4.157 -4.456 -4.115 -3.964 -3.182 -4.268 -4.793 -4.84 -4.781 -4.252 -8.035 -4.602 -4.695 -8.052 -7.514 -8.294 -7.599 -5.3 -4.478 -7.063 -6.255 -8.451
24.95 -2.863 6.603 -3.349 -3.124 -3.759 -2.916 7.524 6.672 7.571 9.307 8.092 10.323 -1.481 -3.587 -3.981 -4.394 -3.558 -3.37 -3.279 -3.272 -3.387 -3.387 -3.105 -4.013 -7.556 -3.493 -2.978 -7.641 -7.063 -7.853 -7.174 -5.043 -4.273 -6.876 -4.412 -8.058
